 0.20     0.48367
 0.40     0.48103
 0.60     0.47839
 0.80     0.47577
 1.00      0.4732
 1.20     0.47068
 1.40     0.46824
 1.60      0.4659
 1.80     0.46367
 2.00     0.46156
 2.20     0.45959
 2.40     0.45777
 2.60     0.45608
 2.80     0.45453
 3.00      0.4531
 3.20     0.45176
 3.40      0.4505
 3.60     0.44928
 3.80     0.44809
 4.00      0.4469
 4.20     0.44569
 4.40     0.44443
 4.60     0.44312
 4.80     0.44174
 5.00     0.44029
 5.20     0.43876
 5.40     0.43715
 5.60     0.43545
 5.80     0.43367
 6.00     0.43181
 6.20     0.42987
 6.40     0.42784
 6.60     0.42572
 6.80     0.42352
 7.00     0.42124
 7.20     0.41889
 7.40     0.41645
 7.60     0.41393
 7.80     0.41134
 8.00     0.40868
 8.20     0.40594
 8.40     0.40313
 8.60     0.40026
 8.80     0.39731
 9.00      0.3943
 9.20     0.39124
 9.40     0.38812
 9.60     0.38496
 9.80     0.38176
10.00     0.37855
10.20     0.37534
10.40     0.37214
10.60     0.36897
10.80     0.36585
11.00      0.3628
11.20     0.35983
11.40     0.35694
11.60     0.35416
11.80     0.35149
12.00     0.34891
12.20     0.34644
12.40     0.34407
12.60     0.34179
12.80     0.33958
13.00     0.33745
13.20     0.33537
13.40     0.33333
13.60     0.33133
13.80     0.32936
14.00      0.3274
14.20     0.32545
14.40      0.3235
14.60     0.32155
14.80      0.3196
15.00     0.31765
15.20     0.31571
15.40     0.31377
15.60     0.31186
15.80     0.30997
16.00      0.3081
16.20     0.30627
16.40     0.30447
16.60     0.30272
16.80     0.30102
17.00     0.29937
17.20     0.29777
17.40     0.29623
17.60     0.29475
17.80     0.29333
18.00     0.29198
18.20      0.2907
18.40     0.28949
18.60     0.28834
18.80     0.28725
19.00     0.28621
19.20     0.28524
19.40     0.28434
19.60     0.28351
19.80     0.28276
20.00      0.2821
20.20     0.28152
20.40     0.28103
20.60     0.28061
20.80     0.28026
21.00     0.27998
21.20     0.27976
21.40      0.2796
21.60     0.27949
21.80     0.27942
22.00     0.27939
22.20      0.2794
22.40     0.27944
22.60     0.27951
22.80     0.27961
23.00     0.27974
23.20     0.27988
23.40     0.28005
23.60     0.28024
23.80     0.28045
24.00     0.28068
24.20     0.28093
24.40     0.28119
24.60     0.28146
24.80     0.28173
25.00     0.28201
25.20     0.28228
25.40     0.28253
25.60     0.28275
25.80     0.28292
26.00     0.28304
26.20     0.28308
26.40     0.28305
26.60     0.28295
26.80     0.28279
27.00     0.28258
27.20     0.28234
27.40     0.28209
27.60     0.28183
27.80     0.28157
28.00     0.28132
28.20     0.28107
28.40     0.28084
28.60     0.28063
28.80     0.28044
29.00     0.28026
29.20      0.2801
29.40     0.27996
29.60     0.27983
29.80     0.27972
30.00     0.27963
30.20     0.27956
30.40      0.2795
30.60     0.27947
30.80     0.27945
31.00     0.27946
31.20     0.27949
31.40     0.27955
31.60     0.27964
31.80     0.27977
32.00     0.27994
32.20     0.28015
32.40     0.28041
32.60     0.28073
32.80      0.2811
33.00     0.28154
33.20     0.28204
33.40      0.2826
33.60     0.28323
33.80     0.28392
34.00     0.28466
34.20     0.28545
34.40     0.28626
34.60     0.28708
34.80     0.28791
35.00     0.28875
35.20     0.28959
35.40     0.29043
35.60     0.29127
35.80     0.29211
36.00     0.29294
36.20     0.29376
36.40     0.29457
36.60     0.29535
36.80     0.29609
37.00     0.29677
37.20     0.29739
37.40     0.29795
37.60     0.29844
37.80     0.29887
38.00     0.29923
38.20     0.29953
38.40     0.29978
38.60     0.29997
38.80     0.30012
39.00     0.30023
39.20      0.3003
39.40     0.30033
39.60     0.30034
39.80     0.30032
40.00     0.30028
40.20     0.30023
40.40     0.30016
40.60     0.30008
40.80     0.29998
41.00     0.29989
41.20     0.29978
41.40     0.29968
41.60     0.29957
41.80     0.29947
42.00     0.29938
42.20      0.2993
42.40     0.29923
42.60     0.29919
42.80     0.29918
43.00      0.2992
43.20     0.29927
43.40     0.29938
43.60     0.29956
43.80     0.29981
44.00     0.30014
44.20     0.30056
44.40     0.30108
44.60     0.30172
44.80     0.30248
45.00     0.30336
45.20     0.30438
45.40     0.30553
45.60     0.30681
45.80     0.30821
46.00     0.30972
46.20     0.31131
46.40     0.31297
46.60     0.31465
46.80     0.31634
47.00     0.31801
47.20     0.31963
47.40     0.32116
47.60     0.32259
47.80     0.32389
48.00     0.32503
48.20       0.326
48.40      0.3268
48.60     0.32742
48.80     0.32785
49.00      0.3281
49.20     0.32817
49.40     0.32807
49.60      0.3278
49.80     0.32736
50.00     0.32678
50.20     0.32607
50.40     0.32523
50.60      0.3243
50.80     0.32329
51.00     0.32223
51.20     0.32114
51.40     0.32003
51.60     0.31891
51.80      0.3178
52.00     0.31672
52.20     0.31569
52.40     0.31471
52.60     0.31382
52.80     0.31301
53.00      0.3123
53.20     0.31169
53.40     0.31119
53.60     0.31078
53.80     0.31048
54.00     0.31027
54.20     0.31016
54.40     0.31014
54.60     0.31021
54.80     0.31036
55.00      0.3106
55.20     0.31091
55.40      0.3113
55.60     0.31176
55.80     0.31228
56.00     0.31285
56.20     0.31346
56.40     0.31411
56.60     0.31476
56.80     0.31541
57.00     0.31603
57.20     0.31662
57.40     0.31716
57.60     0.31766
57.80     0.31811
58.00     0.31851
58.20     0.31887
58.40     0.31919
58.60     0.31947
58.80     0.31973
59.00     0.31997
59.20      0.3202
59.40     0.32042
59.60     0.32065
59.80     0.32088
60.00     0.32113
60.20      0.3214
60.40     0.32169
60.60     0.32201
60.80     0.32235
61.00     0.32273
61.20     0.32313
61.40     0.32354
61.60     0.32396
61.80     0.32438
62.00     0.32478
62.20     0.32513
62.40     0.32542
62.60     0.32562
62.80     0.32571
63.00     0.32569
63.20     0.32555
63.40     0.32527
63.60     0.32487
63.80     0.32436
64.00     0.32373
64.20       0.323
64.40      0.3222
64.60     0.32132
64.80     0.32038
65.00     0.31938
65.20     0.31833
65.40     0.31724
65.60     0.31611
65.80     0.31495
66.00     0.31379
66.20     0.31263
66.40      0.3115
66.60      0.3104
66.80     0.30936
67.00     0.30838
67.20     0.30747
67.40     0.30665
67.60     0.30594
67.80     0.30535
68.00      0.3049
68.20      0.3046
68.40     0.30444
68.60     0.30444
68.80     0.30458
69.00     0.30485
69.20     0.30523
69.40     0.30572
69.60     0.30629
69.80      0.3069
70.00     0.30756
70.20     0.30825
70.40     0.30894
70.60     0.30965
70.80     0.31034
71.00     0.31103
71.20      0.3117
71.40     0.31233
71.60     0.31293
71.80     0.31347
72.00     0.31394
72.20     0.31432
72.40      0.3146
72.60     0.31477
72.80     0.31483
73.00     0.31478
73.20     0.31462
73.40     0.31437
73.60     0.31406
73.80     0.31369
74.00      0.3133
74.20     0.31289
74.40     0.31248
74.60     0.31209
74.80     0.31171
75.00     0.31136
75.20     0.31104
75.40     0.31074
75.60     0.31048
75.80     0.31026
76.00     0.31006
76.20      0.3099
76.40     0.30977
76.60     0.30967
76.80     0.30961
77.00     0.30958
77.20     0.30958
77.40     0.30962
77.60      0.3097
77.80     0.30981
78.00     0.30997
78.20     0.31018
78.40     0.31043
78.60     0.31073
78.80     0.31108
79.00     0.31149
79.20     0.31195
79.40     0.31246
79.60     0.31302
79.80     0.31362
80.00     0.31426
80.20     0.31492
80.40     0.31558
80.60     0.31623
80.80     0.31684
81.00     0.31741
81.20     0.31793
81.40     0.31838
81.60     0.31876
81.80     0.31907
82.00      0.3193
82.20     0.31946
82.40     0.31954
82.60     0.31954
82.80     0.31946
83.00      0.3193
83.20     0.31906
83.40     0.31875
83.60     0.31837
83.80     0.31791
84.00      0.3174
84.20     0.31683
84.40     0.31621
84.60     0.31556
84.80      0.3149
85.00     0.31425
85.20     0.31361
85.40     0.31302
85.60     0.31246
85.80     0.31196
86.00     0.31151
86.20     0.31112
86.40     0.31078
86.60     0.31049
86.80     0.31026
87.00     0.31008
87.20     0.30994
87.40     0.30985
87.60      0.3098
87.80     0.30979
88.00     0.30982
88.20     0.30988
88.40     0.30997
88.60     0.31009
88.80     0.31024
89.00     0.31042
89.20     0.31063
89.40     0.31085
89.60     0.31109
89.80     0.31135
90.00     0.31162
90.20     0.31189
90.40     0.31215
90.60      0.3124
90.80     0.31262
91.00     0.31279
91.20     0.31291
91.40     0.31295
91.60     0.31288
91.80      0.3127
92.00      0.3124
92.20     0.31196
92.40     0.31141
92.60     0.31075
92.80     0.30999
93.00     0.30915
93.20     0.30824
93.40     0.30727
93.60     0.30625
93.80     0.30522
94.00     0.30418
94.20     0.30316
94.40     0.30218
94.60     0.30126
94.80     0.30042
95.00     0.29968
95.20     0.29904
95.40     0.29853
95.60     0.29815
95.80     0.29792
96.00     0.29783
96.20     0.29788
96.40     0.29805
96.60     0.29833
96.80     0.29871
97.00     0.29917
97.20      0.2997
97.40      0.3003
97.60     0.30095
97.80     0.30166
98.00      0.3024
98.20     0.30318
98.40     0.30396
98.60     0.30475
98.80     0.30551
99.00     0.30624
99.20     0.30691
99.40     0.30754
99.60      0.3081
99.80      0.3086
100.00     0.30904
100.20     0.30942
100.40     0.30975
100.60     0.31002
100.80     0.31023
101.00     0.31041
101.20     0.31053
101.40     0.31062
101.60     0.31067
101.80     0.31068
102.00     0.31066
102.20     0.31059
102.40      0.3105
102.60     0.31036
102.80     0.31019
103.00     0.30998
103.20     0.30972
103.40     0.30942
103.60     0.30907
103.80     0.30868
104.00     0.30824
104.20     0.30775
104.40     0.30722
104.60     0.30666
104.80     0.30606
105.00     0.30545
105.20     0.30483
105.40     0.30423
105.60     0.30366
105.80     0.30312
106.00     0.30264
106.20     0.30221
106.40     0.30183
106.60     0.30151
106.80     0.30124
107.00     0.30101
107.20     0.30082
107.40     0.30066
107.60     0.30054
107.80     0.30043
108.00     0.30033
108.20     0.30023
108.40     0.30012
108.60     0.29999
108.80     0.29984
109.00     0.29965
109.20     0.29941
109.40     0.29912
109.60     0.29877
109.80     0.29834
110.00     0.29783
110.20     0.29724
110.40     0.29657
110.60     0.29581
110.80     0.29497
111.00     0.29406
111.20     0.29308
111.40     0.29207
111.60     0.29102
111.80     0.28996
112.00     0.28891
112.20     0.28786
112.40     0.28684
112.60     0.28586
112.80     0.28494
113.00      0.2841
113.20     0.28333
113.40     0.28265
113.60     0.28206
113.80     0.28155
114.00     0.28113
114.20     0.28077
114.40     0.28049
114.60     0.28027
114.80      0.2801
115.00     0.27998
115.20     0.27989
115.40     0.27984
115.60      0.2798
115.80     0.27978
116.00     0.27976
116.20     0.27974
116.40     0.27971
116.60     0.27966
116.80     0.27959
117.00     0.27949
117.20     0.27935
117.40     0.27917
117.60     0.27895
117.80     0.27867
118.00     0.27834
118.20     0.27796
118.40     0.27752
118.60     0.27703
118.80     0.27649
119.00     0.27592
119.20     0.27531
119.40     0.27469
119.60     0.27407
119.80     0.27347
120.00     0.27291
120.20     0.27238
120.40      0.2719
120.60     0.27146
120.80     0.27107
121.00     0.27072
121.20     0.27042
121.40     0.27015
121.60     0.26993
121.80     0.26974
122.00     0.26957
122.20     0.26944
122.40     0.26933
122.60     0.26924
122.80     0.26917
123.00     0.26913
123.20      0.2691
123.40      0.2691
123.60     0.26911
123.80     0.26916
124.00     0.26924
124.20     0.26935
124.40      0.2695
124.60     0.26969
124.80     0.26994
125.00     0.27025
125.20     0.27062
125.40     0.27106
125.60     0.27159
125.80     0.27219
126.00     0.27289
126.20     0.27367
126.40     0.27454
126.60     0.27548
126.80      0.2765
127.00     0.27757
127.20     0.27867
127.40     0.27979
127.60      0.2809
127.80     0.28199
128.00     0.28304
128.20     0.28403
128.40     0.28493
128.60     0.28573
128.80     0.28642
129.00     0.28697
129.20      0.2874
129.40      0.2877
129.60     0.28786
129.80      0.2879
130.00     0.28781
130.20     0.28761
130.40      0.2873
130.60     0.28689
130.80      0.2864
131.00     0.28585
131.20     0.28526
131.40     0.28465
131.60     0.28404
131.80     0.28345
132.00     0.28289
132.20     0.28237
132.40     0.28189
132.60     0.28145
132.80     0.28106
133.00     0.28072
133.20     0.28041
133.40     0.28015
133.60     0.27993
133.80     0.27974
134.00     0.27958
134.20     0.27946
134.40     0.27936
134.60     0.27928
134.80     0.27923
135.00      0.2792
135.20      0.2792
135.40     0.27922
135.60     0.27927
135.80     0.27935
136.00     0.27946
136.20     0.27961
136.40     0.27981
136.60     0.28005
136.80     0.28034
137.00     0.28069
137.20      0.2811
137.40     0.28158
137.60     0.28213
137.80     0.28274
138.00     0.28343
138.20     0.28419
138.40       0.285
138.60     0.28586
138.80     0.28676
139.00     0.28768
139.20     0.28861
139.40     0.28954
139.60     0.29048
139.80     0.29142
140.00     0.29234
140.20     0.29326
140.40     0.29414
140.60       0.295
140.80      0.2958
141.00     0.29654
141.20     0.29721
141.40     0.29781
141.60     0.29834
141.80     0.29879
142.00     0.29918
142.20      0.2995
142.40     0.29977
142.60     0.29998
142.80     0.30014
143.00     0.30026
143.20     0.30035
143.40     0.30041
143.60     0.30044
143.80     0.30046
144.00     0.30046
144.20     0.30044
144.40     0.30042
144.60      0.3004
144.80     0.30037
145.00     0.30034
145.20     0.30031
145.40     0.30029
145.60     0.30027
145.80     0.30026
146.00     0.30025
146.20     0.30025
146.40     0.30026
146.60     0.30027
146.80     0.30029
147.00     0.30031
147.20     0.30034
147.40     0.30037
147.60     0.30041
147.80     0.30044
148.00     0.30047
148.20     0.30049
148.40     0.30051
148.60     0.30051
148.80      0.3005
149.00     0.30046
149.20      0.3004
149.40     0.30031
149.60     0.30017
149.80     0.29999
150.00     0.29976
150.20     0.29947
150.40     0.29912
150.60     0.29869
150.80     0.29819
151.00     0.29761
151.20     0.29695
151.40     0.29621
151.60     0.29539
151.80      0.2945
152.00     0.29356
152.20     0.29257
152.40     0.29156
152.60     0.29053
152.80     0.28949
153.00     0.28846
153.20     0.28745
153.40     0.28645
153.60      0.2855
153.80      0.2846
154.00     0.28377
154.20     0.28302
154.40     0.28234
154.60     0.28174
154.80     0.28122
155.00     0.28078
155.20      0.2804
155.40     0.28008
155.60     0.27983
155.80     0.27962
156.00     0.27946
156.20     0.27934
156.40     0.27926
156.60      0.2792
156.80     0.27918
157.00     0.27917
157.20     0.27919
157.40     0.27924
157.60      0.2793
157.80     0.27938
158.00     0.27949
158.20     0.27962
158.40     0.27978
158.60     0.27997
158.80     0.28019
159.00     0.28044
159.20     0.28073
159.40     0.28107
159.60     0.28144
159.80     0.28186
160.00     0.28231
160.20     0.28281
160.40     0.28333
160.60     0.28389
160.80     0.28445
161.00     0.28502
161.20     0.28556
161.40     0.28607
161.60     0.28653
161.80     0.28695
162.00     0.28731
162.20     0.28761
162.40     0.28787
162.60     0.28807
162.80     0.28824
163.00     0.28839
163.20     0.28851
163.40     0.28863
163.60     0.28874
163.80     0.28885
164.00     0.28896
164.20     0.28905
164.40     0.28913
164.60      0.2892
164.80     0.28926
165.00     0.28931
165.20     0.28936
165.40      0.2894
165.60     0.28945
165.80      0.2895
166.00     0.28956
166.20     0.28964
166.40     0.28973
166.60     0.28986
166.80     0.29002
167.00     0.29022
167.20     0.29047
167.40     0.29078
167.60     0.29114
167.80     0.29157
168.00     0.29207
168.20     0.29264
168.40     0.29328
168.60     0.29399
168.80     0.29476
169.00     0.29559
169.20     0.29645
169.40     0.29734
169.60     0.29823
169.80     0.29912
170.00     0.29998
170.20     0.30081
170.40     0.30159
170.60     0.30232
170.80     0.30299
171.00     0.30356
171.20     0.30404
171.40     0.30439
171.60     0.30459
171.80     0.30465
172.00     0.30455
172.20     0.30429
172.40     0.30389
172.60     0.30334
172.80     0.30267
173.00      0.3019
173.20     0.30106
173.40     0.30015
173.60     0.29921
173.80     0.29824
174.00     0.29727
174.20     0.29632
174.40      0.2954
174.60     0.29455
174.80     0.29377
175.00     0.29306
175.20     0.29243
175.40     0.29189
175.60     0.29142
175.80     0.29103
176.00     0.29071
176.20     0.29046
176.40     0.29026
176.60     0.29011
176.80        0.29
177.00     0.28993
177.20     0.28988
177.40     0.28984
177.60     0.28982
177.80      0.2898
178.00     0.28978
178.20     0.28974
178.40     0.28969
178.60     0.28961
178.80      0.2895
179.00     0.28935
179.20     0.28915
179.40     0.28891
179.60     0.28861
179.80     0.28826
180.00     0.28786
180.20     0.28739
180.40     0.28688
180.60     0.28631
180.80      0.2857
181.00     0.28507
181.20     0.28442
181.40     0.28378
181.60     0.28316
181.80     0.28257
182.00     0.28204
182.20     0.28156
182.40     0.28113
182.60     0.28077
182.80     0.28047
183.00     0.28024
183.20     0.28008
183.40     0.27998
183.60     0.27995
183.80        0.28
184.00     0.28011
184.20     0.28029
184.40     0.28055
184.60     0.28088
184.80     0.28128
185.00     0.28176
185.20      0.2823
185.40     0.28291
185.60     0.28358
185.80     0.28429
186.00     0.28504
186.20     0.28582
186.40      0.2866
186.60     0.28738
186.80     0.28816
187.00     0.28893
187.20      0.2897
187.40     0.29046
187.60     0.29121
187.80     0.29196
188.00     0.29271
188.20     0.29345
188.40     0.29418
188.60     0.29489
188.80     0.29557
189.00     0.29621
189.20      0.2968
189.40     0.29735
189.60     0.29787
189.80     0.29835
190.00     0.29881
190.20     0.29926
190.40      0.2997
190.60     0.30015
190.80     0.30062
191.00      0.3011
191.20      0.3016
191.40     0.30212
191.60     0.30265
191.80     0.30319
192.00     0.30374
192.20     0.30429
192.40     0.30483
192.60     0.30534
192.80     0.30579
193.00     0.30617
193.20     0.30647
193.40     0.30668
193.60      0.3068
193.80     0.30681
194.00     0.30673
194.20     0.30655
194.40     0.30629
194.60     0.30595
194.80     0.30555
195.00      0.3051
195.20     0.30464
195.40     0.30419
195.60     0.30376
195.80     0.30339
196.00     0.30308
196.20     0.30285
196.40     0.30271
196.60     0.30266
196.80     0.30271
197.00     0.30285
197.20     0.30309
197.40     0.30341
197.60     0.30382
197.80      0.3043
198.00     0.30484
198.20     0.30541
198.40     0.30599
198.60     0.30657
198.80     0.30712
199.00     0.30764
199.20     0.30812
199.40     0.30854
199.60      0.3089
199.80     0.30921
200.00     0.30945
200.20     0.30962
200.40     0.30973
200.60     0.30977
200.80     0.30974
201.00     0.30965
201.20     0.30948
201.40     0.30925
201.60     0.30895
201.80     0.30858
202.00     0.30815
202.20     0.30766
202.40     0.30711
202.60     0.30652
202.80      0.3059
203.00     0.30525
203.20     0.30461
203.40     0.30397
203.60     0.30336
203.80     0.30277
204.00      0.3022
204.20     0.30166
204.40     0.30115
204.60     0.30065
204.80     0.30016
205.00     0.29967
205.20     0.29918
205.40     0.29868
205.60     0.29816
205.80     0.29763
206.00     0.29707
206.20     0.29648
206.40     0.29588
206.60     0.29526
206.80     0.29463
207.00     0.29402
207.20     0.29343
207.40     0.29289
207.60     0.29241
207.80       0.292
208.00     0.29166
208.20      0.2914
208.40     0.29123
208.60     0.29114
208.80     0.29115
209.00     0.29124
209.20     0.29142
209.40     0.29168
209.60     0.29203
209.80     0.29245
210.00     0.29294
210.20     0.29349
210.40     0.29409
210.60     0.29471
210.80     0.29534
211.00     0.29596
211.20     0.29654
211.40     0.29707
211.60     0.29754
211.80     0.29792
212.00     0.29823
212.20     0.29844
212.40     0.29857
212.60      0.2986
212.80     0.29853
213.00     0.29837
213.20     0.29811
213.40     0.29776
213.60     0.29734
213.80     0.29683
214.00     0.29626
214.20     0.29564
214.40     0.29499
214.60     0.29432
214.80     0.29367
215.00     0.29306
215.20      0.2925
215.40     0.29201
215.60      0.2916
215.80     0.29129
216.00     0.29109
216.20       0.291
216.40     0.29103
216.60     0.29118
216.80     0.29147
217.00      0.2919
217.20     0.29246
217.40     0.29317
217.60     0.29401
217.80     0.29499
218.00     0.29608
218.20     0.29729
218.40      0.2986
218.60         0.3
218.80     0.30149
219.00     0.30306
219.20      0.3047
219.40     0.30641
219.60     0.30816
219.80     0.30994
220.00     0.31172
220.20      0.3135
220.40     0.31523
220.60     0.31691
220.80     0.31851
221.00     0.32001
221.20     0.32139
221.40     0.32265
221.60     0.32377
221.80     0.32472
222.00     0.32549
222.20     0.32608
222.40     0.32648
222.60     0.32669
222.80     0.32671
223.00     0.32656
223.20     0.32624
223.40     0.32576
223.60     0.32515
223.80     0.32443
224.00     0.32362
224.20     0.32275
224.40     0.32185
224.60     0.32096
224.80     0.32009
225.00     0.31926
225.20      0.3185
225.40     0.31784
225.60      0.3173
225.80      0.3169
226.00     0.31667
226.20     0.31661
226.40     0.31674
226.60     0.31706
226.80     0.31755
227.00     0.31821
227.20     0.31901
227.40     0.31994
227.60     0.32097
227.80     0.32209
228.00     0.32328
228.20     0.32452
228.40     0.32577
228.60     0.32703
228.80     0.32828
229.00      0.3295
229.20     0.33068
229.40     0.33182
229.60      0.3329
229.80     0.33391
230.00     0.33484
230.20     0.33567
230.40     0.33641
230.60     0.33705
230.80      0.3376
231.00     0.33806
231.20     0.33844
231.40     0.33875
231.60     0.33901
231.80     0.33923
232.00     0.33943
232.20     0.33961
232.40      0.3398
232.60     0.34001
232.80     0.34026
233.00     0.34057
233.20     0.34095
233.40     0.34142
233.60     0.34199
233.80     0.34268
234.00      0.3435
234.20     0.34445
234.40     0.34555
234.60     0.34679
234.80     0.34817
235.00     0.34968
235.20     0.35129
235.40     0.35299
235.60     0.35476
235.80     0.35658
236.00     0.35843
236.20     0.36028
236.40     0.36214
236.60     0.36398
236.80     0.36579
237.00     0.36756
237.20     0.36928
237.40     0.37096
237.60     0.37258
237.80     0.37415
238.00     0.37566
238.20     0.37711
238.40      0.3785
238.60     0.37985
238.80     0.38115
239.00     0.38243
239.20     0.38368
239.40      0.3849
239.60     0.38612
239.80     0.38731
240.00     0.38848
240.20     0.38964
240.40     0.39078
240.60     0.39192
240.80     0.39306
241.00     0.39419
241.20     0.39532
241.40     0.39645
241.60     0.39757
241.80     0.39866
242.00     0.39972
242.20     0.40076
242.40     0.40177
242.60     0.40274
242.80     0.40367
243.00     0.40455
243.20     0.40538
243.40     0.40614
243.60     0.40683
243.80     0.40746
244.00     0.40803
244.20     0.40856
244.40     0.40904
244.60     0.40949
244.80     0.40993
245.00     0.41037
245.20     0.41082
245.40     0.41129
245.60     0.41179
245.80     0.41234
246.00     0.41294
246.20     0.41361
246.40     0.41434
246.60     0.41513
246.80     0.41598
247.00     0.41688
247.20     0.41782
247.40     0.41878
247.60     0.41975
247.80     0.42073
248.00      0.4217
248.20     0.42266
248.40     0.42359
248.60     0.42448
248.80     0.42532
249.00     0.42608
249.20     0.42677
249.40     0.42739
249.60     0.42792
249.80     0.42838
250.00     0.42877
250.20     0.42909
250.40     0.42936
250.60     0.42957
250.80     0.42974
251.00     0.42989
251.20     0.43001
251.40     0.43012
251.60     0.43023
251.80     0.43034
252.00     0.43048
252.20     0.43064
252.40     0.43083
252.60     0.43107
252.80     0.43136
253.00     0.43171
253.20     0.43212
253.40     0.43259
253.60     0.43313
253.80     0.43373
254.00     0.43439
254.20      0.4351
254.40     0.43584
254.60     0.43662
254.80     0.43743
255.00     0.43826
255.20     0.43912
255.40     0.44001
255.60     0.44094
255.80      0.4419
256.00     0.44292
256.20     0.44397
256.40     0.44508
256.60     0.44622
256.80     0.44741
257.00     0.44864
257.20     0.44992
257.40     0.45126
257.60     0.45267
257.80     0.45414
258.00      0.4557
258.20     0.45732
258.40     0.45902
258.60     0.46078
258.80     0.46257
259.00      0.4644
259.20     0.46624
259.40     0.46808
259.60      0.4699
259.80     0.47168
260.00     0.47341
260.20     0.47508
260.40     0.47667
260.60     0.47819
260.80     0.47962
261.00     0.48097
261.20     0.48224
261.40     0.48343
261.60     0.48454
261.80     0.48558
262.00     0.48654
262.20     0.48746
262.40     0.48834
262.60      0.4892
262.80     0.49007
263.00     0.49097
263.20     0.49192
263.40     0.49294
263.60     0.49406
263.80     0.49529
264.00     0.49663
264.20     0.49811
264.40     0.49972
264.60     0.50146
264.80     0.50334
265.00     0.50536
265.20     0.50751
265.40     0.50979
265.60     0.51219
265.80     0.51468
266.00     0.51726
266.20      0.5199
266.40     0.52259
266.60      0.5253
266.80     0.52801
267.00     0.53071
267.20     0.53338
267.40     0.53602
267.60     0.53859
267.80     0.54108
268.00     0.54349
268.20      0.5458
268.40     0.54799
268.60     0.55008
268.80     0.55205
269.00      0.5539
269.20     0.55563
269.40     0.55725
269.60     0.55875
269.80     0.56015
270.00     0.56147
270.20      0.5627
270.40     0.56386
270.60     0.56496
270.80       0.566
271.00     0.56699
271.20     0.56793
271.40     0.56885
271.60     0.56976
271.80     0.57067
272.00     0.57161
272.20      0.5726
272.40     0.57364
272.60     0.57476
272.80     0.57596
273.00     0.57724
273.20     0.57862
273.40     0.58008
273.60     0.58163
273.80     0.58328
274.00     0.58502
274.20     0.58685
274.40     0.58878
274.60     0.59078
274.80     0.59287
275.00     0.59504
275.20     0.59727
275.40     0.59957
275.60     0.60191
275.80      0.6043
276.00     0.60673
276.20     0.60917
276.40     0.61162
276.60     0.61407
276.80     0.61651
277.00     0.61892
277.20     0.62132
277.40     0.62369
277.60     0.62604
277.80     0.62837
278.00     0.63068
278.20     0.63298
278.40     0.63529
278.60     0.63761
278.80     0.63994
279.00     0.64228
279.20     0.64463
279.40       0.647
279.60     0.64938
279.80     0.65177
280.00     0.65417
280.20     0.65657
280.40     0.65898
280.60     0.66139
280.80     0.66379
281.00     0.66618
281.20     0.66856
281.40     0.67092
281.60     0.67327
281.80     0.67558
282.00     0.67788
282.20     0.68014
282.40     0.68237
282.60     0.68457
282.80     0.68674
283.00     0.68887
283.20     0.69095
283.40       0.693
283.60       0.695
283.80     0.69694
284.00     0.69883
284.20     0.70067
284.40     0.70246
284.60      0.7042
284.80     0.70589
285.00     0.70753
285.20     0.70912
285.40     0.71067
285.60     0.71216
285.80     0.71361
286.00     0.71502
286.20     0.71638
286.40      0.7177
286.60     0.71898
286.80     0.72022
287.00     0.72144
287.20     0.72265
287.40     0.72385
287.60     0.72505
287.80     0.72625
288.00     0.72748
288.20     0.72875
288.40     0.73008
288.60      0.7315
288.80     0.73303
289.00     0.73469
289.20     0.73649
289.40     0.73846
289.60      0.7406
289.80     0.74292
290.00     0.74542
290.20     0.74812
290.40       0.751
290.60     0.75407
290.80     0.75731
291.00     0.76072
291.20     0.76427
291.40     0.76796
291.60     0.77177
291.80      0.7757
292.00     0.77971
292.20     0.78381
292.40     0.78798
292.60     0.79222
292.80     0.79653
293.00     0.80089
293.20     0.80531
293.40     0.80979
293.60     0.81432
293.80     0.81892
294.00     0.82357
294.20     0.82828
294.40     0.83305
294.60     0.83786
294.80     0.84273
295.00     0.84763
295.20     0.85257
295.40     0.85755
295.60     0.86255
295.80     0.86757
296.00     0.87261
296.20     0.87766
296.40     0.88272
296.60     0.88778
296.80     0.89283
297.00     0.89787
297.20     0.90289
297.40     0.90789
297.60     0.91286
297.80     0.91779
298.00     0.92267
298.20      0.9275
298.40     0.93227
298.60     0.93696
298.80     0.94157
299.00      0.9461
299.20     0.95054
299.40     0.95487
299.60      0.9591
299.80     0.96324
300.00     0.96727
300.20     0.97121
300.40     0.97507
300.60     0.97886
300.80     0.98259
301.00     0.98628
301.20     0.98994
301.40     0.99359
301.60     0.99725
301.80      1.0009
302.00      1.0047
302.20      1.0084
302.40      1.0122
302.60      1.0162
302.80      1.0201
303.00      1.0242
303.20      1.0284
303.40      1.0327
303.60      1.0372
303.80      1.0418
304.00      1.0465
304.20      1.0515
304.40      1.0565
304.60      1.0618
304.80      1.0672
305.00      1.0727
305.20      1.0784
305.40      1.0842
305.60      1.0902
305.80      1.0963
306.00      1.1025
306.20      1.1089
306.40      1.1153
306.60      1.1218
306.80      1.1285
307.00      1.1352
307.20       1.142
307.40      1.1489
307.60      1.1558
307.80      1.1629
308.00      1.1701
308.20      1.1773
308.40      1.1847
308.60      1.1921
308.80      1.1996
309.00      1.2073
309.20       1.215
309.40      1.2229
309.60      1.2308
309.80      1.2388
310.00      1.2469
310.20      1.2551
310.40      1.2633
310.60      1.2716
310.80        1.28
311.00      1.2884
311.20      1.2968
311.40      1.3052
311.60      1.3137
311.80      1.3221
312.00      1.3305
312.20      1.3389
312.40      1.3473
312.60      1.3556
312.80      1.3639
313.00      1.3722
313.20      1.3804
313.40      1.3885
313.60      1.3966
313.80      1.4047
314.00      1.4128
314.20      1.4208
314.40      1.4288
314.60      1.4369
314.80      1.4449
315.00       1.453
315.20      1.4611
315.40      1.4692
315.60      1.4774
315.80      1.4857
316.00      1.4941
316.20      1.5026
316.40      1.5113
316.60      1.5201
316.80       1.529
317.00      1.5381
317.20      1.5475
317.40       1.557
317.60      1.5668
317.80      1.5768
318.00       1.587
318.20      1.5976
318.40      1.6085
318.60      1.6198
318.80      1.6315
319.00      1.6436
319.20      1.6561
319.40      1.6692
319.60      1.6828
319.80      1.6971
320.00      1.7119
320.20      1.7275
320.40      1.7437
320.60      1.7607
320.80      1.7784
321.00      1.7969
321.20      1.8161
321.40      1.8361
321.60      1.8568
321.80      1.8782
322.00      1.9002
322.20      1.9227
322.40      1.9457
322.60      1.9691
322.80      1.9927
323.00      2.0164
323.20      2.0403
323.40       2.064
323.60      2.0876
323.80      2.1109
324.00      2.1339
324.20      2.1564
324.40      2.1784
324.60      2.1998
324.80      2.2206
325.00      2.2408
325.20      2.2604
325.40      2.2794
325.60      2.2979
325.80      2.3158
326.00      2.3332
326.20      2.3502
326.40      2.3668
326.60      2.3832
326.80      2.3993
327.00      2.4152
327.20       2.431
327.40      2.4468
327.60      2.4625
327.80      2.4783
328.00      2.4943
328.20      2.5103
328.40      2.5266
328.60       2.543
328.80      2.5597
329.00      2.5766
329.20      2.5938
329.40      2.6112
329.60      2.6288
329.80      2.6468
330.00       2.665
330.20      2.6835
330.40      2.7023
330.60      2.7213
330.80      2.7405
331.00        2.76
331.20      2.7797
331.40      2.7996
331.60      2.8197
331.80      2.8399
332.00      2.8604
332.20      2.8809
332.40      2.9016
332.60      2.9224
332.80      2.9433
333.00      2.9643
333.20      2.9854
333.40      3.0065
333.60      3.0277
333.80       3.049
334.00      3.0704
334.20      3.0918
334.40      3.1133
334.60      3.1348
334.80      3.1565
335.00      3.1783
335.20      3.2002
335.40      3.2222
335.60      3.2445
335.80      3.2668
336.00      3.2894
336.20      3.3122
336.40      3.3352
336.60      3.3585
336.80      3.3819
337.00      3.4056
337.20      3.4294
337.40      3.4535
337.60      3.4778
337.80      3.5022
338.00      3.5269
338.20      3.5517
338.40      3.5767
338.60      3.6019
338.80      3.6272
339.00      3.6527
339.20      3.6782
339.40      3.7039
339.60      3.7296
339.80      3.7554
340.00      3.7813
340.20      3.8072
340.40      3.8331
340.60       3.859
340.80      3.8849
341.00      3.9108
341.20      3.9368
341.40      3.9627
341.60      3.9886
341.80      4.0145
342.00      4.0405
342.20      4.0665
342.40      4.0926
342.60      4.1187
342.80       4.145
343.00      4.1713
343.20      4.1978
343.40      4.2245
343.60      4.2513
343.80      4.2782
344.00      4.3054
344.20      4.3327
344.40      4.3603
344.60       4.388
344.80      4.4159
345.00      4.4441
345.20      4.4724
345.40       4.501
345.60      4.5298
345.80      4.5587
346.00      4.5878
346.20      4.6171
346.40      4.6466
346.60      4.6762
346.80       4.706
347.00      4.7359
347.20      4.7661
347.40      4.7964
347.60      4.8269
347.80      4.8577
348.00      4.8887
348.20      4.9201
348.40      4.9517
348.60      4.9836
348.80       5.016
349.00      5.0487
349.20      5.0818
349.40      5.1153
349.60      5.1493
349.80      5.1837
350.00      5.2186
350.20      5.2539
350.40      5.2897
350.60       5.326
350.80      5.3628
351.00      5.4001
351.20      5.4378
351.40      5.4761
351.60      5.5149
351.80      5.5542
352.00      5.5941
352.20      5.6345
352.40      5.6755
352.60       5.717
352.80      5.7592
353.00       5.802
353.20      5.8454
353.40      5.8895
353.60      5.9343
353.80      5.9798
354.00      6.0261
354.20      6.0731
354.40       6.121
354.60      6.1697
354.80      6.2193
355.00      6.2698
355.20      6.3213
355.40      6.3737
355.60      6.4272
355.80      6.4817
356.00      6.5372
356.20      6.5939
356.40      6.6517
356.60      6.7106
356.80      6.7708
357.00      6.8321
357.20      6.8947
357.40      6.9585
357.60      7.0237
357.80      7.0902
358.00      7.1581
358.20      7.2274
358.40      7.2982
358.60      7.3705
358.80      7.4444
359.00        7.52
359.20      7.5972
359.40      7.6762
359.60      7.7569
359.80      7.8394
360.00      7.9238
360.20        8.01
360.40       8.098
360.60      8.1879
360.80      8.2797
361.00      8.3733
361.20      8.4687
361.40       8.566
361.60      8.6649
361.80      8.7656
362.00       8.868
362.20       8.972
362.40      9.0776
362.60      9.1847
362.80      9.2932
363.00      9.4031
363.20      9.5142
363.40      9.6266
363.60      9.7401
363.80      9.8546
364.00      9.9701
364.20      10.086
364.40      10.204
364.60      10.321
364.80      10.439
365.00      10.558
365.20      10.677
365.40      10.796
365.60      10.916
365.80      11.035
366.00      11.155
366.20      11.274
366.40      11.393
366.60      11.511
366.80       11.63
367.00      11.747
367.20      11.864
367.40       11.98
367.60      12.096
367.80       12.21
368.00      12.324
368.20      12.436
368.40      12.547
368.60      12.656
368.80      12.764
369.00       12.87
369.20      12.975
369.40      13.077
369.60      13.178
369.80      13.276
370.00      13.372
370.20      13.466
370.40      13.556
370.60      13.644
370.80      13.729
371.00      13.812
371.20      13.891
371.40      13.966
371.60      14.039
371.80      14.108
372.00      14.173
372.20      14.235
372.40      14.293
372.60      14.348
372.80      14.398
373.00      14.445
373.20      14.488
373.40      14.527
373.60      14.562
373.80      14.593
374.00      14.621
374.20      14.644
374.40      14.664
374.60       14.68
374.80      14.692
375.00        14.7
375.20      14.705
375.40      14.706
375.60      14.704
375.80      14.698
376.00      14.689
376.20      14.676
376.40      14.661
376.60      14.642
376.80      14.621
377.00      14.596
377.20      14.569
377.40      14.539
377.60      14.506
377.80      14.471
378.00      14.434
378.20      14.394
378.40      14.352
378.60      14.308
378.80      14.262
379.00      14.214
379.20      14.164
379.40      14.112
379.60      14.059
379.80      14.004
380.00      13.947
380.20      13.889
380.40      13.829
380.60      13.769
380.80      13.707
381.00      13.643
381.20      13.579
381.40      13.514
381.60      13.447
381.80       13.38
382.00      13.312
382.20      13.243
382.40      13.173
382.60      13.103
382.80      13.032
383.00       12.96
383.20      12.888
383.40      12.815
383.60      12.742
383.80      12.669
384.00      12.595
384.20      12.521
384.40      12.447
384.60      12.372
384.80      12.298
385.00      12.223
385.20      12.148
385.40      12.073
385.60      11.998
385.80      11.923
386.00      11.849
386.20      11.774
386.40      11.699
386.60      11.624
386.80       11.55
387.00      11.475
387.20      11.401
387.40      11.327
387.60      11.254
387.80       11.18
388.00      11.107
388.20      11.034
388.40      10.961
388.60      10.889
388.80      10.817
389.00      10.745
389.20      10.674
389.40      10.603
389.60      10.532
389.80      10.462
390.00      10.392
390.20      10.322
390.40      10.253
390.60      10.184
390.80      10.116
391.00      10.048
391.20      9.9801
391.40      9.9127
391.60      9.8457
391.80       9.779
392.00      9.7126
392.20      9.6465
392.40      9.5808
392.60      9.5154
392.80      9.4503
393.00      9.3856
393.20      9.3212
393.40      9.2571
393.60      9.1933
393.80      9.1299
394.00      9.0669
394.20      9.0042
394.40      8.9419
394.60        8.88
394.80      8.8184
395.00      8.7573
395.20      8.6965
395.40      8.6361
395.60      8.5761
395.80      8.5165
396.00      8.4574
396.20      8.3987
396.40      8.3405
396.60      8.2828
396.80      8.2256
397.00       8.169
397.20      8.1129
397.40      8.0574
397.60      8.0026
397.80      7.9483
398.00      7.8947
398.20      7.8417
398.40      7.7893
398.60      7.7375
398.80      7.6863
399.00      7.6358
399.20      7.5859
399.40      7.5365
399.60      7.4878
399.80      7.4395
400.00      7.3918
400.20      7.3445
400.40      7.2977
400.60      7.2513
400.80      7.2052
401.00      7.1595
401.20      7.1142
401.40       7.069
401.60      7.0242
401.80      6.9795
402.00       6.935
402.20      6.8906
402.40      6.8464
402.60      6.8023
402.80      6.7583
403.00      6.7145
403.20      6.6707
403.40      6.6271
403.60      6.5836
403.80      6.5403
404.00      6.4972
404.20      6.4543
404.40      6.4116
404.60      6.3692
404.80      6.3272
405.00      6.2854
405.20      6.2441
405.40      6.2032
405.60      6.1627
405.80      6.1226
406.00      6.0831
406.20       6.044
406.40      6.0055
406.60      5.9675
406.80        5.93
407.00      5.8931
407.20      5.8566
407.40      5.8207
407.60      5.7853
407.80      5.7504
408.00      5.7158
408.20      5.6817
408.40       5.648
408.60      5.6146
408.80      5.5815
409.00      5.5487
409.20      5.5161
409.40      5.4838
409.60      5.4517
409.80      5.4197
410.00      5.3879
410.20      5.3563
410.40      5.3248
410.60      5.2935
410.80      5.2624
411.00      5.2314
411.20      5.2005
411.40      5.1699
411.60      5.1394
411.80      5.1091
412.00       5.079
412.20       5.049
412.40      5.0193
412.60      4.9898
412.80      4.9604
413.00      4.9313
413.20      4.9025
413.40      4.8738
413.60      4.8454
413.80      4.8173
414.00      4.7893
414.20      4.7616
414.40      4.7342
414.60      4.7069
414.80      4.6799
415.00      4.6531
415.20      4.6265
415.40      4.6001
415.60      4.5739
415.80      4.5479
416.00      4.5221
416.20      4.4964
416.40       4.471
416.60      4.4457
416.80      4.4205
417.00      4.3956
417.20      4.3708
417.40      4.3461
417.60      4.3216
417.80      4.2973
418.00      4.2732
418.20      4.2492
418.40      4.2255
418.60      4.2019
418.80      4.1785
419.00      4.1553
419.20      4.1324
419.40      4.1097
419.60      4.0871
419.80      4.0649
420.00      4.0428
420.20      4.0209
420.40      3.9993
420.60      3.9779
420.80      3.9567
421.00      3.9358
421.20       3.915
421.40      3.8945
421.60      3.8741
421.80      3.8541
422.00      3.8342
422.20      3.8146
422.40      3.7953
422.60      3.7761
422.80      3.7572
423.00      3.7384
423.20      3.7198
423.40      3.7014
423.60      3.6832
423.80      3.6651
424.00      3.6472
424.20      3.6294
424.40      3.6118
424.60      3.5943
424.80      3.5769
425.00      3.5596
425.20      3.5425
425.40      3.5254
425.60      3.5085
425.80      3.4916
426.00      3.4748
426.20      3.4581
426.40      3.4415
426.60      3.4249
426.80      3.4085
427.00      3.3921
427.20      3.3759
427.40      3.3597
427.60      3.3437
427.80      3.3278
428.00       3.312
428.20      3.2964
428.40      3.2809
428.60      3.2655
428.80      3.2503
429.00      3.2353
429.20      3.2203
429.40      3.2055
429.60      3.1908
429.80      3.1762
430.00      3.1617
430.20      3.1472
430.40      3.1327
430.60      3.1183
430.80      3.1039
431.00      3.0895
431.20      3.0751
431.40      3.0606
431.60      3.0462
431.80      3.0317
432.00      3.0171
432.20      3.0026
432.40       2.988
432.60      2.9734
432.80      2.9588
433.00      2.9442
433.20      2.9297
433.40      2.9152
433.60      2.9007
433.80      2.8864
434.00      2.8722
434.20      2.8582
434.40      2.8444
434.60      2.8308
434.80      2.8174
435.00      2.8044
435.20      2.7916
435.40      2.7792
435.60      2.7671
435.80      2.7553
436.00      2.7439
436.20      2.7328
436.40       2.722
436.60      2.7115
436.80      2.7012
437.00      2.6913
437.20      2.6816
437.40      2.6721
437.60      2.6628
437.80      2.6537
438.00      2.6447
438.20      2.6358
438.40      2.6271
438.60      2.6184
438.80      2.6097
439.00      2.6011
439.20      2.5925
439.40      2.5839
439.60      2.5753
439.80      2.5667
440.00       2.558
440.20      2.5493
440.40      2.5405
440.60      2.5316
440.80      2.5227
441.00      2.5137
441.20      2.5047
441.40      2.4955
441.60      2.4863
441.80      2.4769
442.00      2.4675
442.20       2.458
442.40      2.4484
442.60      2.4387
442.80      2.4289
443.00      2.4191
443.20      2.4093
443.40      2.3994
443.60      2.3896
443.80      2.3797
444.00      2.3698
444.20        2.36
444.40      2.3503
444.60      2.3406
444.80      2.3309
445.00      2.3214
445.20       2.312
445.40      2.3027
445.60      2.2936
445.80      2.2846
446.00      2.2757
446.20       2.267
446.40      2.2585
446.60      2.2501
446.80      2.2418
447.00      2.2336
447.20      2.2256
447.40      2.2177
447.60        2.21
447.80      2.2023
448.00      2.1948
448.20      2.1873
448.40      2.1799
448.60      2.1725
448.80      2.1653
449.00      2.1581
449.20      2.1509
449.40      2.1438
449.60      2.1368
449.80      2.1298
450.00      2.1229
450.20       2.116
450.40      2.1091
450.60      2.1023
450.80      2.0956
451.00      2.0889
451.20      2.0822
451.40      2.0755
451.60      2.0689
451.80      2.0622
452.00      2.0556
452.20       2.049
452.40      2.0424
452.60      2.0358
452.80      2.0292
453.00      2.0226
453.20       2.016
453.40      2.0095
453.60      2.0029
453.80      1.9963
454.00      1.9898
454.20      1.9833
454.40      1.9768
454.60      1.9704
454.80      1.9639
455.00      1.9576
455.20      1.9512
455.40      1.9449
455.60      1.9387
455.80      1.9325
456.00      1.9263
456.20      1.9202
456.40      1.9141
456.60      1.9081
456.80       1.902
457.00       1.896
457.20      1.8899
457.40      1.8838
457.60      1.8776
457.80      1.8714
458.00      1.8651
458.20      1.8588
458.40      1.8525
458.60      1.8461
458.80      1.8396
459.00      1.8332
459.20      1.8267
459.40      1.8202
459.60      1.8138
459.80      1.8075
460.00      1.8012
460.20       1.795
460.40       1.789
460.60      1.7831
460.80      1.7774
461.00      1.7718
461.20      1.7665
461.40      1.7613
461.60      1.7564
461.80      1.7517
462.00      1.7473
462.20       1.743
462.40       1.739
462.60      1.7352
462.80      1.7316
463.00      1.7282
463.20      1.7249
463.40      1.7219
463.60      1.7189
463.80      1.7161
464.00      1.7133
464.20      1.7107
464.40       1.708
464.60      1.7055
464.80      1.7029
465.00      1.7004
465.20      1.6978
465.40      1.6953
465.60      1.6926
465.80        1.69
466.00      1.6872
466.20      1.6844
466.40      1.6815
466.60      1.6785
466.80      1.6754
467.00      1.6722
467.20      1.6689
467.40      1.6654
467.60      1.6619
467.80      1.6583
468.00      1.6546
468.20      1.6508
468.40      1.6468
468.60      1.6428
468.80      1.6388
469.00      1.6347
469.20      1.6305
469.40      1.6263
469.60       1.622
469.80      1.6177
470.00      1.6134
470.20      1.6091
470.40      1.6047
470.60      1.6004
470.80       1.596
471.00      1.5917
471.20      1.5874
471.40      1.5831
471.60      1.5789
471.80      1.5747
472.00      1.5707
472.20      1.5667
472.40      1.5629
472.60      1.5591
472.80      1.5555
473.00       1.552
473.20      1.5485
473.40      1.5452
473.60      1.5419
473.80      1.5387
474.00      1.5356
474.20      1.5325
474.40      1.5295
474.60      1.5265
474.80      1.5235
475.00      1.5205
475.20      1.5175
475.40      1.5146
475.60      1.5116
475.80      1.5086
476.00      1.5055
476.20      1.5024
476.40      1.4992
476.60       1.496
476.80      1.4927
477.00      1.4893
477.20      1.4858
477.40      1.4823
477.60      1.4786
477.80      1.4749
478.00      1.4711
478.20      1.4673
478.40      1.4634
478.60      1.4595
478.80      1.4556
479.00      1.4517
479.20      1.4477
479.40      1.4438
479.60      1.4398
479.80      1.4358
480.00      1.4319
480.20      1.4279
480.40      1.4239
480.60        1.42
480.80      1.4161
481.00      1.4121
481.20      1.4082
481.40      1.4043
481.60      1.4005
481.80      1.3967
482.00      1.3928
482.20      1.3891
482.40      1.3853
482.60      1.3816
482.80      1.3779
483.00      1.3743
483.20      1.3707
483.40      1.3672
483.60      1.3637
483.80      1.3604
484.00      1.3571
484.20      1.3539
484.40      1.3509
484.60       1.348
484.80      1.3452
485.00      1.3426
485.20      1.3401
485.40      1.3378
485.60      1.3356
485.80      1.3336
486.00      1.3318
486.20      1.3301
486.40      1.3286
486.60      1.3272
486.80      1.3259
487.00      1.3248
487.20      1.3239
487.40       1.323
487.60      1.3223
487.80      1.3218
488.00      1.3213
488.20      1.3209
488.40      1.3206
488.60      1.3204
488.80      1.3202
489.00        1.32
489.20      1.3198
489.40      1.3197
489.60      1.3195
489.80      1.3192
490.00      1.3189
490.20      1.3186
490.40      1.3181
490.60      1.3176
490.80      1.3169
491.00      1.3161
491.20      1.3152
491.40      1.3142
491.60       1.313
491.80      1.3118
492.00      1.3104
492.20      1.3089
492.40      1.3073
492.60      1.3056
492.80      1.3038
493.00      1.3019
493.20         1.3
493.40       1.298
493.60      1.2959
493.80      1.2938
494.00      1.2916
494.20      1.2895
494.40      1.2872
494.60       1.285
494.80      1.2828
495.00      1.2805
495.20      1.2783
495.40       1.276
495.60      1.2738
495.80      1.2716
496.00      1.2694
496.20      1.2672
496.40       1.265
496.60      1.2628
496.80      1.2607
497.00      1.2586
497.20      1.2565
497.40      1.2545
497.60      1.2524
497.80      1.2504
498.00      1.2484
498.20      1.2464
498.40      1.2444
498.60      1.2424
498.80      1.2405
499.00      1.2384
499.20      1.2364
499.40      1.2344
499.60      1.2323
499.80      1.2302
500.00      1.2281
500.20      1.2259
500.40      1.2236
500.60      1.2213
500.80       1.219
501.00      1.2165
501.20      1.2139
501.40      1.2113
501.60      1.2086
501.80      1.2058
502.00      1.2029
502.20      1.1999
502.40      1.1969
502.60      1.1938
502.80      1.1906
503.00      1.1873
503.20      1.1841
503.40      1.1808
503.60      1.1775
503.80      1.1742
504.00       1.171
504.20      1.1678
504.40      1.1647
504.60      1.1617
504.80      1.1588
505.00       1.156
505.20      1.1534
505.40      1.1509
505.60      1.1485
505.80      1.1463
506.00      1.1443
506.20      1.1425
506.40      1.1408
506.60      1.1392
506.80      1.1378
507.00      1.1365
507.20      1.1354
507.40      1.1344
507.60      1.1335
507.80      1.1327
508.00       1.132
508.20      1.1314
508.40      1.1308
508.60      1.1303
508.80      1.1298
509.00      1.1293
509.20      1.1288
509.40      1.1282
509.60      1.1275
509.80      1.1268
510.00      1.1259
510.20       1.125
510.40      1.1239
510.60      1.1227
510.80      1.1213
511.00      1.1198
511.20      1.1182
511.40      1.1165
511.60      1.1147
511.80      1.1127
512.00      1.1106
512.20      1.1084
512.40      1.1061
512.60      1.1037
512.80      1.1012
513.00      1.0987
513.20      1.0961
513.40      1.0935
513.60      1.0909
513.80      1.0883
514.00      1.0857
514.20      1.0832
514.40      1.0807
514.60      1.0783
514.80       1.076
515.00      1.0738
515.20      1.0716
515.40      1.0696
515.60      1.0677
515.80      1.0658
516.00      1.0641
516.20      1.0624
516.40      1.0609
516.60      1.0594
516.80       1.058
517.00      1.0567
517.20      1.0554
517.40      1.0542
517.60       1.053
517.80      1.0519
518.00      1.0508
518.20      1.0497
518.40      1.0486
518.60      1.0476
518.80      1.0465
519.00      1.0454
519.20      1.0444
519.40      1.0433
519.60      1.0422
519.80      1.0411
520.00      1.0399
520.20      1.0388
520.40      1.0376
520.60      1.0363
520.80       1.035
521.00      1.0337
521.20      1.0323
521.40      1.0309
521.60      1.0294
521.80      1.0279
522.00      1.0264
522.20      1.0249
522.40      1.0233
522.60      1.0218
522.80      1.0204
523.00      1.0189
523.20      1.0175
523.40       1.016
523.60      1.0147
523.80      1.0133
524.00      1.0121
524.20      1.0108
524.40      1.0097
524.60      1.0085
524.80      1.0075
525.00      1.0065
525.20      1.0055
525.40      1.0046
525.60      1.0038
525.80      1.0031
526.00      1.0024
526.20      1.0018
526.40      1.0014
526.60       1.001
526.80      1.0007
527.00      1.0004
527.20      1.0002
527.40      1.0001
527.60           1
527.80     0.99997
528.00     0.99996
528.20     0.99998
528.40           1
528.60      1.0001
528.80      1.0001
529.00      1.0001
529.20      1.0002
529.40      1.0002
529.60      1.0001
529.80      1.0001
530.00     0.99996
530.20     0.99979
530.40     0.99956
530.60     0.99926
530.80     0.99889
531.00     0.99842
531.20     0.99787
531.40     0.99722
531.60     0.99647
531.80     0.99563
532.00     0.99469
532.20     0.99367
532.40     0.99258
532.60     0.99142
532.80     0.99022
533.00     0.98896
533.20     0.98767
533.40     0.98634
533.60     0.98498
533.80     0.98362
534.00     0.98226
534.20     0.98092
534.40     0.97962
534.60     0.97836
534.80     0.97715
535.00     0.97602
535.20     0.97496
535.40       0.974
535.60     0.97315
535.80     0.97239
536.00     0.97173
536.20     0.97116
536.40     0.97068
536.60     0.97029
536.80     0.96996
537.00      0.9697
537.20      0.9695
537.40     0.96935
537.60     0.96923
537.80     0.96915
538.00      0.9691
538.20     0.96907
538.40     0.96906
538.60     0.96907
538.80     0.96909
539.00     0.96912
539.20     0.96916
539.40     0.96921
539.60     0.96927
539.80     0.96935
540.00     0.96945
540.20     0.96956
540.40      0.9697
540.60     0.96986
540.80     0.97006
541.00      0.9703
541.20     0.97058
541.40      0.9709
541.60     0.97127
541.80      0.9717
542.00     0.97218
542.20     0.97271
542.40      0.9733
542.60     0.97393
542.80      0.9746
543.00      0.9753
543.20       0.976
543.40     0.97671
543.60      0.9774
543.80     0.97808
544.00     0.97875
544.20     0.97939
544.40     0.98002
544.60     0.98063
544.80     0.98123
545.00     0.98182
545.20     0.98239
545.40     0.98295
545.60     0.98348
545.80     0.98399
546.00     0.98446
546.20     0.98488
546.40     0.98522
546.60     0.98548
546.80     0.98564
547.00      0.9857
547.20     0.98566
547.40     0.98552
547.60      0.9853
547.80     0.98499
548.00     0.98463
548.20     0.98422
548.40      0.9838
548.60     0.98336
548.80     0.98293
549.00      0.9825
549.20     0.98209
549.40     0.98168
549.60     0.98129
549.80      0.9809
550.00     0.98052
550.20     0.98014
550.40     0.97974
550.60     0.97934
550.80     0.97891
551.00     0.97847
551.20     0.97799
551.40     0.97748
551.60     0.97695
551.80     0.97638
552.00      0.9758
552.20     0.97519
552.40     0.97459
552.60     0.97401
552.80     0.97347
553.00     0.97298
553.20     0.97257
553.40     0.97224
553.60     0.97202
553.80      0.9719
554.00     0.97189
554.20       0.972
554.40     0.97222
554.60     0.97256
554.80     0.97302
555.00     0.97359
555.20     0.97427
555.40     0.97504
555.60     0.97588
555.80     0.97678
556.00     0.97773
556.20      0.9787
556.40     0.97969
556.60     0.98068
556.80     0.98168
557.00     0.98266
557.20     0.98362
557.40     0.98454
557.60      0.9854
557.80      0.9862
558.00     0.98692
558.20     0.98756
558.40     0.98811
558.60     0.98859
558.80       0.989
559.00     0.98933
559.20      0.9896
559.40      0.9898
559.60     0.98996
559.80     0.99007
560.00     0.99014
560.20     0.99018
560.40     0.99019
560.60     0.99019
560.80     0.99017
561.00     0.99015
561.20     0.99013
561.40     0.99012
561.60     0.99012
561.80     0.99014
562.00     0.99018
562.20     0.99026
562.40     0.99037
562.60     0.99052
562.80     0.99071
563.00     0.99095
563.20     0.99125
563.40      0.9916
563.60     0.99201
563.80     0.99247
564.00     0.99299
564.20     0.99356
564.40     0.99416
564.60      0.9948
564.80     0.99545
565.00     0.99609
565.20     0.99671
565.40      0.9973
565.60     0.99785
565.80     0.99835
566.00      0.9988
566.20     0.99919
566.40     0.99953
566.60     0.99981
566.80           1
567.00      1.0002
567.20      1.0003
567.40      1.0004
567.60      1.0004
567.80      1.0004
568.00      1.0003
568.20      1.0002
568.40     0.99996
568.60      0.9997
568.80     0.99937
569.00     0.99899
569.20     0.99854
569.40     0.99804
569.60     0.99747
569.80     0.99685
570.00     0.99617
570.20     0.99546
570.40     0.99471
570.60     0.99396
570.80     0.99321
571.00     0.99247
571.20     0.99175
571.40     0.99105
571.60     0.99037
571.80     0.98971
572.00     0.98908
572.20     0.98847
572.40     0.98789
572.60     0.98734
572.80     0.98682
573.00     0.98635
573.20     0.98592
573.40     0.98556
573.60     0.98528
573.80     0.98508
574.00     0.98495
574.20     0.98488
574.40     0.98488
574.60     0.98491
574.80     0.98496
575.00       0.985
575.20     0.98501
575.40     0.98498
575.60     0.98488
575.80     0.98472
576.00     0.98449
576.20      0.9842
576.40     0.98385
576.60     0.98346
576.80     0.98305
577.00     0.98264
577.20     0.98224
577.40     0.98186
577.60     0.98152
577.80     0.98121
578.00     0.98096
578.20     0.98076
578.40     0.98061
578.60     0.98052
578.80      0.9805
579.00     0.98054
579.20     0.98065
579.40     0.98083
579.60     0.98107
579.80     0.98138
580.00     0.98176
580.20      0.9822
580.40     0.98271
580.60     0.98326
580.80     0.98386
581.00     0.98448
581.20     0.98512
581.40     0.98575
581.60     0.98636
581.80     0.98694
582.00     0.98747
582.20     0.98796
582.40     0.98839
582.60     0.98877
582.80      0.9891
583.00     0.98938
583.20     0.98962
583.40     0.98981
583.60     0.98997
583.80     0.99009
584.00     0.99018
584.20     0.99025
584.40      0.9903
584.60     0.99032
584.80     0.99034
585.00     0.99034
585.20     0.99034
585.40     0.99033
585.60     0.99032
585.80      0.9903
586.00     0.99029
586.20     0.99027
586.40     0.99026
586.60     0.99025
586.80     0.99025
587.00     0.99025
587.20     0.99025
587.40     0.99025
587.60     0.99025
587.80     0.99026
588.00     0.99027
588.20     0.99027
588.40     0.99028
588.60     0.99027
588.80     0.99026
589.00     0.99024
589.20     0.99021
589.40     0.99017
589.60      0.9901
589.80     0.99001
590.00      0.9899
590.20     0.98976
590.40     0.98959
590.60     0.98938
590.80     0.98913
591.00     0.98885
591.20     0.98852
591.40     0.98815
591.60     0.98774
591.80     0.98729
592.00     0.98682
592.20     0.98632
592.40     0.98581
592.60     0.98531
592.80     0.98482
593.00     0.98439
593.20     0.98402
593.40     0.98373
593.60     0.98353
593.80     0.98342
594.00     0.98342
594.20     0.98352
594.40     0.98372
594.60     0.98401
594.80     0.98438
595.00     0.98482
595.20      0.9853
595.40      0.9858
595.60     0.98631
595.80     0.98682
596.00      0.9873
596.20     0.98775
596.40     0.98816
596.60     0.98854
596.80     0.98888
597.00     0.98918
597.20     0.98944
597.40     0.98967
597.60     0.98986
597.80     0.99002
598.00     0.99016
598.20     0.99027
598.40     0.99036
598.60     0.99044
598.80      0.9905
599.00     0.99054
599.20     0.99057
599.40     0.99059
599.60      0.9906
599.80     0.99059
600.00     0.99058
600.20     0.99055
600.40      0.9905
600.60     0.99044
600.80     0.99035
601.00     0.99024
601.20      0.9901
601.40     0.98993
601.60     0.98971
601.80     0.98946
602.00     0.98916
602.20     0.98881
602.40     0.98842
602.60     0.98797
602.80     0.98746
603.00     0.98691
603.20     0.98631
603.40     0.98568
603.60     0.98502
603.80     0.98435
604.00     0.98369
604.20     0.98306
604.40     0.98247
604.60     0.98193
604.80     0.98145
605.00     0.98103
605.20     0.98068
605.40      0.9804
605.60     0.98019
605.80     0.98005
606.00     0.97999
606.20     0.98001
606.40     0.98011
606.60     0.98029
606.80     0.98055
607.00     0.98089
607.20     0.98132
607.40     0.98183
607.60     0.98242
607.80      0.9831
608.00     0.98384
608.20     0.98465
608.40     0.98551
608.60     0.98641
608.80     0.98733
609.00     0.98826
609.20     0.98919
609.40     0.99013
609.60     0.99106
609.80     0.99199
610.00      0.9929
610.20      0.9938
610.40     0.99466
610.60     0.99547
610.80     0.99623
611.00      0.9969
611.20      0.9975
611.40     0.99799
611.60     0.99839
611.80     0.99869
612.00     0.99888
612.20     0.99897
612.40     0.99896
612.60     0.99885
612.80     0.99864
613.00     0.99834
613.20     0.99796
613.40      0.9975
613.60     0.99698
613.80      0.9964
614.00     0.99577
614.20     0.99513
614.40     0.99449
614.60     0.99386
614.80     0.99327
615.00     0.99271
615.20     0.99221
615.40     0.99175
615.60     0.99135
615.80       0.991
616.00      0.9907
616.20     0.99045
616.40     0.99024
616.60     0.99007
616.80     0.98994
617.00     0.98984
617.20     0.98977
617.40     0.98972
617.60     0.98969
617.80     0.98967
618.00     0.98967
618.20     0.98968
618.40      0.9897
618.60     0.98972
618.80     0.98975
619.00     0.98977
619.20      0.9898
619.40     0.98983
619.60     0.98985
619.80     0.98987
620.00     0.98989
620.20      0.9899
620.40     0.98991
620.60     0.98991
620.80     0.98991
621.00      0.9899
621.20     0.98989
621.40     0.98988
621.60     0.98985
621.80     0.98983
622.00     0.98979
622.20     0.98976
622.40     0.98972
622.60     0.98968
622.80     0.98964
623.00      0.9896
623.20     0.98956
623.40     0.98953
623.60     0.98951
623.80      0.9895
624.00      0.9895
624.20     0.98952
624.40     0.98957
624.60     0.98965
624.80     0.98976
625.00     0.98992
625.20     0.99012
625.40     0.99038
625.60      0.9907
625.80     0.99108
626.00     0.99153
626.20     0.99206
626.40     0.99267
626.60     0.99336
626.80     0.99412
627.00     0.99495
627.20     0.99584
627.40     0.99678
627.60     0.99774
627.80     0.99872
628.00     0.99969
628.20      1.0006
628.40      1.0015
628.60      1.0024
628.80      1.0032
629.00      1.0039
629.20      1.0046
629.40      1.0051
629.60      1.0054
629.80      1.0057
630.00      1.0058
630.20      1.0058
630.40      1.0057
630.60      1.0054
630.80      1.0051
631.00      1.0047
631.20      1.0043
631.40      1.0038
631.60      1.0034
631.80      1.0029
632.00      1.0025
632.20      1.0021
632.40      1.0017
632.60      1.0014
632.80       1.001
633.00      1.0008
633.20      1.0005
633.40      1.0003
633.60      1.0002
633.80           1
634.00     0.99991
634.20      0.9998
634.40     0.99972
634.60     0.99965
634.80     0.99958
635.00     0.99953
635.20     0.99949
635.40     0.99945
635.60     0.99941
635.80     0.99938
636.00     0.99936
636.20     0.99934
636.40     0.99932
636.60     0.99932
636.80     0.99932
637.00     0.99934
637.20     0.99938
637.40     0.99945
637.60     0.99954
637.80     0.99968
638.00     0.99985
638.20      1.0001
638.40      1.0003
638.60      1.0007
638.80      1.0011
639.00      1.0016
639.20      1.0021
639.40      1.0028
639.60      1.0035
639.80      1.0043
640.00      1.0052
640.20      1.0062
640.40      1.0072
640.60      1.0082
640.80      1.0093
641.00      1.0103
641.20      1.0113
641.40      1.0123
641.60      1.0133
641.80      1.0141
642.00      1.0149
642.20      1.0156
642.40      1.0161
642.60      1.0165
642.80      1.0168
643.00      1.0169
643.20       1.017
643.40      1.0169
643.60      1.0166
643.80      1.0163
644.00      1.0159
644.20      1.0154
644.40      1.0149
644.60      1.0144
644.80      1.0139
645.00      1.0134
645.20       1.013
645.40      1.0127
645.60      1.0125
645.80      1.0124
646.00      1.0125
646.20      1.0127
646.40      1.0131
646.60      1.0137
646.80      1.0144
647.00      1.0153
647.20      1.0163
647.40      1.0176
647.60      1.0189
647.80      1.0204
648.00      1.0221
648.20      1.0238
648.40      1.0257
648.60      1.0278
648.80      1.0299
649.00      1.0321
649.20      1.0344
649.40      1.0368
649.60      1.0392
649.80      1.0416
650.00      1.0441
650.20      1.0465
650.40       1.049
650.60      1.0513
650.80      1.0537
651.00      1.0559
651.20       1.058
651.40      1.0601
651.60       1.062
651.80      1.0638
652.00      1.0656
652.20      1.0671
652.40      1.0686
652.60        1.07
652.80      1.0712
653.00      1.0724
653.20      1.0735
653.40      1.0745
653.60      1.0753
653.80      1.0761
654.00      1.0768
654.20      1.0774
654.40      1.0779
654.60      1.0782
654.80      1.0785
655.00      1.0786
655.20      1.0787
655.40      1.0786
655.60      1.0785
655.80      1.0783
656.00       1.078
656.20      1.0776
656.40      1.0772
656.60      1.0768
656.80      1.0764
657.00       1.076
657.20      1.0757
657.40      1.0754
657.60      1.0751
657.80       1.075
658.00       1.075
658.20       1.075
658.40      1.0752
658.60      1.0754
658.80      1.0757
659.00       1.076
659.20      1.0763
659.40      1.0767
659.60       1.077
659.80      1.0773
660.00      1.0777
660.20       1.078
660.40      1.0783
660.60      1.0786
660.80      1.0789
661.00      1.0792
661.20      1.0795
661.40      1.0798
661.60      1.0802
661.80      1.0806
662.00      1.0811
662.20      1.0816
662.40      1.0822
662.60      1.0828
662.80      1.0836
663.00      1.0844
663.20      1.0853
663.40      1.0863
663.60      1.0873
663.80      1.0884
664.00      1.0896
664.20      1.0907
664.40       1.092
664.60      1.0932
664.80      1.0945
665.00      1.0958
665.20      1.0971
665.40      1.0983
665.60      1.0996
665.80      1.1008
666.00      1.1019
666.20       1.103
666.40      1.1039
666.60      1.1048
666.80      1.1055
667.00       1.106
667.20      1.1065
667.40      1.1067
667.60      1.1069
667.80      1.1069
668.00      1.1067
668.20      1.1065
668.40      1.1062
668.60      1.1057
668.80      1.1053
669.00      1.1048
669.20      1.1042
669.40      1.1037
669.60      1.1033
669.80      1.1028
670.00      1.1024
670.20       1.102
670.40      1.1017
670.60      1.1014
670.80      1.1012
671.00      1.1009
671.20      1.1008
671.40      1.1006
671.60      1.1005
671.80      1.1003
672.00      1.1002
672.20         1.1
672.40      1.0999
672.60      1.0997
672.80      1.0995
673.00      1.0992
673.20      1.0989
673.40      1.0985
673.60      1.0981
673.80      1.0976
674.00       1.097
674.20      1.0963
674.40      1.0956
674.60      1.0949
674.80       1.094
675.00      1.0932
675.20      1.0923
675.40      1.0914
675.60      1.0906
675.80      1.0897
676.00      1.0888
676.20      1.0879
676.40      1.0871
676.60      1.0863
676.80      1.0855
677.00      1.0847
677.20      1.0841
677.40      1.0835
677.60       1.083
677.80      1.0826
678.00      1.0824
678.20      1.0822
678.40      1.0822
678.60      1.0822
678.80      1.0824
679.00      1.0826
679.20      1.0829
679.40      1.0833
679.60      1.0838
679.80      1.0842
680.00      1.0847
680.20      1.0852
680.40      1.0857
680.60       1.086
680.80      1.0863
681.00      1.0865
681.20      1.0865
681.40      1.0864
681.60      1.0862
681.80      1.0858
682.00      1.0852
682.20      1.0846
682.40      1.0837
682.60      1.0828
682.80      1.0817
683.00      1.0806
683.20      1.0793
683.40       1.078
683.60      1.0765
683.80       1.075
684.00      1.0735
684.20      1.0718
684.40      1.0702
684.60      1.0685
684.80      1.0668
685.00      1.0651
685.20      1.0634
685.40      1.0617
685.60      1.0601
685.80      1.0586
686.00      1.0571
686.20      1.0558
686.40      1.0546
686.60      1.0535
686.80      1.0525
687.00      1.0517
687.20      1.0511
687.40      1.0506
687.60      1.0502
687.80      1.0501
688.00      1.0501
688.20      1.0502
688.40      1.0505
688.60      1.0509
688.80      1.0515
689.00      1.0523
689.20      1.0532
689.40      1.0543
689.60      1.0554
689.80      1.0567
690.00      1.0582
690.20      1.0597
690.40      1.0612
690.60      1.0629
690.80      1.0646
691.00      1.0663
691.20       1.068
691.40      1.0698
691.60      1.0715
691.80      1.0733
692.00       1.075
692.20      1.0767
692.40      1.0784
692.60      1.0801
692.80      1.0817
693.00      1.0833
693.20      1.0849
693.40      1.0865
693.60       1.088
693.80      1.0894
694.00      1.0908
694.20      1.0921
694.40      1.0934
694.60      1.0946
694.80      1.0956
695.00      1.0966
695.20      1.0975
695.40      1.0982
695.60      1.0989
695.80      1.0993
696.00      1.0997
696.20      1.0999
696.40         1.1
696.60      1.0999
696.80      1.0997
697.00      1.0994
697.20      1.0989
697.40      1.0983
697.60      1.0976
697.80      1.0967
698.00      1.0957
698.20      1.0945
698.40      1.0933
698.60      1.0919
698.80      1.0905
699.00       1.089
699.20      1.0874
699.40      1.0858
699.60      1.0842
699.80      1.0826
700.00      1.0809
700.20      1.0794
700.40      1.0778
700.60      1.0763
700.80      1.0749
701.00      1.0735
701.20      1.0722
701.40       1.071
701.60      1.0699
701.80      1.0688
702.00      1.0678
702.20      1.0669
702.40      1.0661
702.60      1.0653
702.80      1.0647
703.00      1.0641
703.20      1.0636
703.40      1.0631
703.60      1.0628
703.80      1.0625
704.00      1.0622
704.20       1.062
704.40      1.0618
704.60      1.0615
704.80      1.0612
705.00      1.0609
705.20      1.0604
705.40      1.0598
705.60      1.0591
705.80      1.0582
706.00      1.0571
706.20      1.0557
706.40      1.0541
706.60      1.0522
706.80        1.05
707.00      1.0476
707.20      1.0448
707.40      1.0418
707.60      1.0385
707.80      1.0349
708.00       1.031
708.20      1.0268
708.40      1.0225
708.60      1.0179
708.80      1.0131
709.00      1.0082
709.20      1.0031
709.40     0.99781
709.60     0.99243
709.80     0.98695
710.00     0.98138
710.20     0.97572
710.40     0.96999
710.60     0.96418
710.80      0.9583
711.00     0.95234
711.20      0.9463
711.40     0.94018
711.60     0.93397
711.80     0.92766
712.00     0.92123
712.20     0.91468
712.40     0.90798
712.60     0.90114
712.80     0.89415
713.00       0.887
713.20     0.87969
713.40     0.87222
713.60     0.86459
713.80     0.85681
714.00     0.84889
714.20     0.84082
714.40     0.83261
714.60     0.82429
714.80     0.81585
715.00      0.8073
715.20     0.79864
715.40     0.78989
715.60     0.78104
715.80     0.77213
716.00     0.76314
716.20     0.75409
716.40     0.74499
716.60     0.73583
716.80     0.72661
717.00     0.71733
717.20     0.70799
717.40      0.6986
717.60     0.68917
717.80      0.6797
718.00      0.6702
718.20     0.66069
718.40     0.65117
718.60     0.64165
718.80     0.63214
719.00     0.62264
719.20     0.61317
719.40     0.60371
719.60     0.59428
719.80     0.58485
720.00     0.57544
