 0.20     0.55325
 0.40     0.55086
 0.60     0.54846
 0.80     0.54606
 1.00     0.54365
 1.20     0.54122
 1.40     0.53879
 1.60     0.53634
 1.80     0.53388
 2.00      0.5314
 2.20      0.5289
 2.40     0.52639
 2.60     0.52384
 2.80     0.52128
 3.00     0.51868
 3.20     0.51606
 3.40      0.5134
 3.60     0.51071
 3.80     0.50798
 4.00     0.50521
 4.20      0.5024
 4.40     0.49956
 4.60     0.49668
 4.80     0.49377
 5.00     0.49083
 5.20     0.48786
 5.40     0.48487
 5.60     0.48185
 5.80      0.4788
 6.00     0.47573
 6.20     0.47261
 6.40     0.46947
 6.60     0.46629
 6.80     0.46308
 7.00     0.45984
 7.20     0.45656
 7.40     0.45325
 7.60     0.44991
 7.80     0.44656
 8.00     0.44319
 8.20     0.43984
 8.40     0.43649
 8.60     0.43318
 8.80      0.4299
 9.00     0.42668
 9.20     0.42352
 9.40     0.42044
 9.60     0.41744
 9.80     0.41455
10.00     0.41176
10.20      0.4091
10.40     0.40656
10.60     0.40415
10.80     0.40188
11.00     0.39974
11.20     0.39773
11.40     0.39584
11.60     0.39408
11.80     0.39243
12.00      0.3909
12.20     0.38949
12.40     0.38818
12.60     0.38698
12.80     0.38588
13.00     0.38488
13.20     0.38399
13.40     0.38319
13.60     0.38249
13.80     0.38188
14.00     0.38135
14.20     0.38088
14.40     0.38047
14.60     0.38009
14.80     0.37973
15.00     0.37937
15.20     0.37901
15.40     0.37862
15.60      0.3782
15.80     0.37772
16.00     0.37719
16.20     0.37659
16.40     0.37591
16.60     0.37516
16.80     0.37433
17.00     0.37344
17.20     0.37249
17.40     0.37146
17.60     0.37037
17.80     0.36921
18.00     0.36797
18.20     0.36665
18.40     0.36524
18.60     0.36376
18.80     0.36219
19.00     0.36056
19.20     0.35888
19.40     0.35715
19.60     0.35538
19.80     0.35359
20.00      0.3518
20.20     0.35002
20.40     0.34826
20.60     0.34653
20.80     0.34486
21.00     0.34324
21.20     0.34168
21.40     0.34018
21.60     0.33873
21.80     0.33735
22.00     0.33601
22.20     0.33474
22.40     0.33352
22.60     0.33237
22.80     0.33128
23.00     0.33024
23.20     0.32925
23.40      0.3283
23.60     0.32739
23.80     0.32652
24.00     0.32567
24.20     0.32486
24.40      0.3241
24.60     0.32338
24.80     0.32272
25.00     0.32212
25.20     0.32159
25.40     0.32112
25.60     0.32071
25.80     0.32036
26.00     0.32007
26.20     0.31982
26.40     0.31962
26.60     0.31945
26.80     0.31933
27.00     0.31923
27.20     0.31917
27.40     0.31913
27.60     0.31912
27.80     0.31914
28.00     0.31918
28.20     0.31925
28.40     0.31935
28.60     0.31948
28.80     0.31965
29.00     0.31986
29.20     0.32011
29.40     0.32041
29.60     0.32077
29.80     0.32119
30.00     0.32167
30.20     0.32221
30.40     0.32281
30.60     0.32348
30.80      0.3242
31.00     0.32497
31.20     0.32578
31.40     0.32662
31.60     0.32749
31.80     0.32839
32.00     0.32931
32.20     0.33028
32.40     0.33128
32.60     0.33233
32.80     0.33342
33.00     0.33457
33.20     0.33576
33.40     0.33699
33.60     0.33826
33.80     0.33954
34.00     0.34083
34.20     0.34213
34.40     0.34343
34.60     0.34471
34.80     0.34596
35.00     0.34718
35.20     0.34836
35.40      0.3495
35.60      0.3506
35.80     0.35166
36.00     0.35267
36.20     0.35365
36.40     0.35457
36.60     0.35545
36.80     0.35625
37.00     0.35698
37.20     0.35764
37.40     0.35821
37.60     0.35871
37.80     0.35913
38.00     0.35948
38.20     0.35976
38.40     0.35998
38.60     0.36015
38.80     0.36026
39.00     0.36034
39.20     0.36037
39.40     0.36038
39.60     0.36035
39.80     0.36031
40.00     0.36024
40.20     0.36016
40.40     0.36007
40.60     0.35997
40.80     0.35986
41.00     0.35975
41.20     0.35964
41.40     0.35954
41.60     0.35945
41.80     0.35937
42.00     0.35931
42.20     0.35928
42.40     0.35928
42.60     0.35932
42.80      0.3594
43.00     0.35953
43.20     0.35974
43.40     0.36001
43.60     0.36037
43.80     0.36082
44.00     0.36137
44.20     0.36204
44.40     0.36282
44.60     0.36372
44.80     0.36475
45.00     0.36591
45.20     0.36718
45.40     0.36856
45.60     0.37003
45.80     0.37156
46.00     0.37315
46.20     0.37477
46.40      0.3764
46.60     0.37802
46.80     0.37959
47.00     0.38111
47.20     0.38253
47.40     0.38386
47.60     0.38506
47.80     0.38614
48.00     0.38709
48.20      0.3879
48.40     0.38858
48.60     0.38914
48.80     0.38958
49.00     0.38991
49.20     0.39013
49.40     0.39026
49.60      0.3903
49.80     0.39026
50.00     0.39015
50.20     0.38998
50.40     0.38974
50.60     0.38945
50.80     0.38912
51.00     0.38875
51.20     0.38834
51.40     0.38792
51.60      0.3875
51.80     0.38707
52.00     0.38667
52.20     0.38632
52.40     0.38602
52.60      0.3858
52.80     0.38566
53.00     0.38562
53.20     0.38567
53.40      0.3858
53.60       0.386
53.80     0.38626
54.00     0.38655
54.20     0.38686
54.40      0.3872
54.60     0.38756
54.80     0.38792
55.00      0.3883
55.20      0.3887
55.40     0.38912
55.60     0.38957
55.80     0.39005
56.00     0.39058
56.20     0.39115
56.40     0.39178
56.60     0.39247
56.80     0.39322
57.00     0.39404
57.20     0.39493
57.40     0.39587
57.60     0.39686
57.80     0.39788
58.00     0.39891
58.20     0.39995
58.40     0.40099
58.60     0.40201
58.80       0.403
59.00     0.40396
59.20     0.40485
59.40     0.40567
59.60     0.40639
59.80     0.40702
60.00     0.40753
60.20     0.40793
60.40     0.40821
60.60     0.40838
60.80     0.40843
61.00     0.40837
61.20     0.40821
61.40     0.40795
61.60      0.4076
61.80     0.40716
62.00     0.40667
62.20     0.40612
62.40     0.40554
62.60     0.40496
62.80     0.40438
63.00     0.40382
63.20      0.4033
63.40     0.40281
63.60     0.40235
63.80     0.40193
64.00     0.40154
64.20     0.40117
64.40     0.40082
64.60     0.40048
64.80     0.40013
65.00     0.39978
65.20      0.3994
65.40       0.399
65.60     0.39855
65.80     0.39805
66.00      0.3975
66.20     0.39689
66.40     0.39622
66.60     0.39549
66.80      0.3947
67.00     0.39386
67.20     0.39299
67.40     0.39209
67.60     0.39118
67.80     0.39026
68.00     0.38933
68.20      0.3884
68.40     0.38747
68.60     0.38655
68.80     0.38565
69.00     0.38478
69.20     0.38395
69.40     0.38318
69.60     0.38248
69.80     0.38184
70.00     0.38128
70.20     0.38079
70.40     0.38037
70.60     0.38003
70.80     0.37975
71.00     0.37954
71.20     0.37939
71.40      0.3793
71.60     0.37928
71.80     0.37932
72.00     0.37942
72.20     0.37958
72.40     0.37981
72.60     0.38011
72.80     0.38048
73.00     0.38092
73.20     0.38143
73.40     0.38202
73.60     0.38269
73.80     0.38342
74.00     0.38423
74.20     0.38509
74.40       0.386
74.60     0.38694
74.80     0.38789
75.00     0.38884
75.20     0.38979
75.40     0.39073
75.60     0.39165
75.80     0.39254
76.00     0.39339
76.20     0.39419
76.40     0.39492
76.60     0.39557
76.80     0.39612
77.00     0.39656
77.20     0.39688
77.40     0.39708
77.60     0.39716
77.80     0.39712
78.00     0.39698
78.20     0.39673
78.40     0.39639
78.60     0.39597
78.80      0.3955
79.00       0.395
79.20     0.39448
79.40     0.39399
79.60     0.39352
79.80      0.3931
80.00     0.39273
80.20     0.39243
80.40     0.39219
80.60     0.39202
80.80     0.39193
81.00      0.3919
81.20     0.39193
81.40     0.39202
81.60     0.39216
81.80     0.39233
82.00     0.39254
82.20     0.39275
82.40     0.39296
82.60     0.39314
82.80     0.39327
83.00     0.39334
83.20      0.3933
83.40     0.39317
83.60     0.39293
83.80     0.39257
84.00     0.39212
84.20     0.39157
84.40     0.39096
84.60     0.39028
84.80     0.38955
85.00     0.38878
85.20     0.38798
85.40     0.38717
85.60     0.38635
85.80     0.38555
86.00     0.38478
86.20     0.38406
86.40     0.38341
86.60     0.38281
86.80     0.38229
87.00     0.38184
87.20     0.38146
87.40     0.38113
87.60     0.38087
87.80     0.38066
88.00     0.38049
88.20     0.38036
88.40     0.38026
88.60     0.38017
88.80     0.38009
89.00     0.38002
89.20     0.37993
89.40     0.37982
89.60     0.37969
89.80     0.37952
90.00      0.3793
90.20     0.37902
90.40     0.37868
90.60     0.37828
90.80     0.37779
91.00     0.37723
91.20     0.37659
91.40     0.37586
91.60     0.37507
91.80      0.3742
92.00     0.37329
92.20     0.37234
92.40     0.37137
92.60      0.3704
92.80     0.36944
93.00     0.36851
93.20      0.3676
93.40     0.36675
93.60     0.36596
93.80     0.36525
94.00     0.36466
94.20     0.36419
94.40     0.36386
94.60     0.36368
94.80     0.36365
95.00     0.36379
95.20     0.36408
95.40     0.36452
95.60      0.3651
95.80     0.36581
96.00     0.36664
96.20     0.36754
96.40     0.36851
96.60     0.36953
96.80     0.37058
97.00     0.37163
97.20     0.37268
97.40      0.3737
97.60     0.37467
97.80     0.37558
98.00     0.37642
98.20     0.37718
98.40     0.37785
98.60     0.37845
98.80     0.37896
99.00     0.37941
99.20     0.37978
99.40     0.38009
99.60     0.38035
99.80     0.38055
100.00     0.38071
100.20     0.38083
100.40     0.38091
100.60     0.38096
100.80     0.38098
101.00     0.38097
101.20     0.38094
101.40     0.38088
101.60     0.38079
101.80     0.38068
102.00     0.38053
102.20     0.38034
102.40     0.38011
102.60     0.37984
102.80     0.37952
103.00     0.37915
103.20     0.37871
103.40     0.37822
103.60     0.37767
103.80     0.37706
104.00     0.37638
104.20     0.37566
104.40     0.37489
104.60     0.37408
104.80     0.37326
105.00     0.37241
105.20     0.37155
105.40     0.37066
105.60     0.36976
105.80     0.36882
106.00     0.36787
106.20     0.36688
106.40     0.36585
106.60     0.36481
106.80     0.36374
107.00     0.36267
107.20     0.36159
107.40     0.36052
107.60     0.35947
107.80     0.35843
108.00     0.35741
108.20     0.35641
108.40     0.35546
108.60     0.35455
108.80      0.3537
109.00     0.35293
109.20     0.35224
109.40     0.35165
109.60     0.35114
109.80     0.35073
110.00     0.35042
110.20     0.35021
110.40     0.35009
110.60     0.35006
110.80     0.35013
111.00     0.35029
111.20     0.35054
111.40     0.35089
111.60     0.35132
111.80     0.35184
112.00     0.35244
112.20     0.35311
112.40     0.35385
112.60     0.35465
112.80     0.35549
113.00     0.35636
113.20     0.35726
113.40     0.35818
113.60     0.35912
113.80      0.3601
114.00      0.3611
114.20     0.36214
114.40     0.36321
114.60     0.36432
114.80     0.36547
115.00     0.36664
115.20     0.36782
115.40       0.369
115.60     0.37015
115.80     0.37127
116.00     0.37233
116.20     0.37332
116.40     0.37422
116.60       0.375
116.80     0.37565
117.00     0.37615
117.20      0.3765
117.40     0.37669
117.60     0.37672
117.80      0.3766
118.00     0.37633
118.20     0.37592
118.40     0.37538
118.60     0.37473
118.80     0.37398
119.00     0.37317
119.20     0.37229
119.40     0.37137
119.60      0.3704
119.80     0.36939
120.00     0.36835
120.20     0.36729
120.40     0.36621
120.60     0.36513
120.80     0.36405
121.00     0.36299
121.20     0.36195
121.40     0.36094
121.60     0.35995
121.80     0.35898
122.00     0.35804
122.20     0.35713
122.40     0.35624
122.60     0.35538
122.80     0.35457
123.00     0.35381
123.20     0.35311
123.40     0.35249
123.60     0.35193
123.80     0.35144
124.00     0.35102
124.20     0.35067
124.40     0.35038
124.60     0.35014
124.80     0.34995
125.00      0.3498
125.20     0.34969
125.40     0.34961
125.60     0.34956
125.80     0.34953
126.00     0.34951
126.20     0.34951
126.40     0.34951
126.60     0.34952
126.80     0.34954
127.00     0.34956
127.20     0.34957
127.40     0.34958
127.60      0.3496
127.80      0.3496
128.00     0.34961
128.20     0.34961
128.40     0.34961
128.60     0.34961
128.80     0.34962
129.00     0.34962
129.20     0.34963
129.40     0.34965
129.60     0.34968
129.80     0.34973
130.00     0.34979
130.20     0.34988
130.40     0.34999
130.60     0.35013
130.80     0.35031
131.00     0.35053
131.20      0.3508
131.40     0.35111
131.60     0.35147
131.80     0.35188
132.00     0.35234
132.20     0.35286
132.40     0.35341
132.60     0.35401
132.80     0.35463
133.00     0.35527
133.20      0.3559
133.40      0.3565
133.60     0.35705
133.80     0.35753
134.00     0.35794
134.20     0.35825
134.40     0.35846
134.60     0.35857
134.80     0.35855
135.00     0.35842
135.20     0.35817
135.40     0.35779
135.60     0.35729
135.80     0.35667
136.00     0.35594
136.20      0.3551
136.40     0.35416
136.60     0.35315
136.80     0.35208
137.00     0.35098
137.20     0.34987
137.40     0.34875
137.60     0.34766
137.80      0.3466
138.00      0.3456
138.20     0.34468
138.40     0.34387
138.60     0.34317
138.80     0.34259
139.00     0.34214
139.20     0.34184
139.40     0.34167
139.60     0.34164
139.80     0.34175
140.00     0.34199
140.20     0.34236
140.40     0.34286
140.60     0.34347
140.80     0.34418
141.00     0.34498
141.20     0.34585
141.40     0.34677
141.60     0.34774
141.80     0.34874
142.00     0.34978
142.20     0.35084
142.40     0.35193
142.60     0.35304
142.80     0.35416
143.00     0.35528
143.20      0.3564
143.40     0.35749
143.60     0.35857
143.80     0.35962
144.00     0.36065
144.20     0.36165
144.40     0.36262
144.60     0.36356
144.80     0.36446
145.00     0.36531
145.20     0.36611
145.40     0.36684
145.60     0.36749
145.80     0.36807
146.00     0.36858
146.20     0.36901
146.40     0.36938
146.60     0.36968
146.80     0.36992
147.00     0.37011
147.20     0.37025
147.40     0.37036
147.60     0.37042
147.80     0.37046
148.00     0.37048
148.20     0.37047
148.40     0.37045
148.60     0.37041
148.80     0.37037
149.00     0.37031
149.20     0.37025
149.40     0.37019
149.60     0.37012
149.80     0.37006
150.00     0.36999
150.20     0.36993
150.40     0.36987
150.60     0.36981
150.80     0.36977
151.00     0.36972
151.20     0.36969
151.40     0.36967
151.60     0.36966
151.80     0.36968
152.00     0.36971
152.20     0.36976
152.40     0.36984
152.60     0.36995
152.80      0.3701
153.00     0.37029
153.20     0.37052
153.40      0.3708
153.60     0.37112
153.80      0.3715
154.00     0.37194
154.20     0.37243
154.40     0.37297
154.60     0.37356
154.80     0.37418
155.00     0.37484
155.20     0.37551
155.40     0.37617
155.60     0.37681
155.80     0.37742
156.00     0.37799
156.20     0.37851
156.40     0.37898
156.60     0.37939
156.80     0.37975
157.00     0.38005
157.20     0.38029
157.40     0.38048
157.60      0.3806
157.80     0.38067
158.00     0.38067
158.20     0.38061
158.40     0.38048
158.60     0.38027
158.80     0.37999
159.00     0.37963
159.20     0.37918
159.40     0.37864
159.60       0.378
159.80     0.37727
160.00     0.37645
160.20     0.37553
160.40     0.37452
160.60     0.37344
160.80     0.37229
161.00     0.37111
161.20     0.36991
161.40     0.36871
161.60     0.36753
161.80      0.3664
162.00     0.36532
162.20     0.36433
162.40     0.36343
162.60     0.36262
162.80     0.36192
163.00     0.36133
163.20     0.36083
163.40     0.36044
163.60     0.36015
163.80     0.35995
164.00     0.35984
164.20     0.35981
164.40     0.35987
164.60     0.36002
164.80     0.36023
165.00     0.36053
165.20     0.36089
165.40     0.36132
165.60     0.36181
165.80     0.36236
166.00     0.36295
166.20     0.36358
166.40     0.36424
166.60      0.3649
166.80     0.36555
167.00     0.36617
167.20     0.36675
167.40     0.36728
167.60     0.36775
167.80     0.36818
168.00     0.36855
168.20     0.36886
168.40     0.36913
168.60     0.36936
168.80     0.36955
169.00     0.36971
169.20     0.36984
169.40     0.36996
169.60     0.37007
169.80     0.37017
170.00     0.37029
170.20     0.37041
170.40     0.37055
170.60     0.37072
170.80     0.37092
171.00     0.37116
171.20     0.37144
171.40     0.37176
171.60     0.37213
171.80     0.37255
172.00     0.37301
172.20      0.3735
172.40     0.37403
172.60     0.37458
172.80     0.37513
173.00     0.37566
173.20     0.37616
173.40      0.3766
173.60     0.37695
173.80     0.37722
174.00     0.37739
174.20     0.37745
174.40     0.37739
174.60     0.37722
174.80     0.37693
175.00     0.37653
175.20     0.37602
175.40     0.37541
175.60     0.37472
175.80     0.37397
176.00     0.37316
176.20      0.3723
176.40     0.37141
176.60     0.37048
176.80     0.36953
177.00     0.36854
177.20     0.36753
177.40      0.3665
177.60     0.36545
177.80     0.36439
178.00     0.36334
178.20     0.36231
178.40     0.36131
178.60     0.36033
178.80     0.35939
179.00     0.35848
179.20     0.35761
179.40     0.35679
179.60     0.35602
179.80     0.35531
180.00     0.35467
180.20     0.35412
180.40     0.35366
180.60     0.35329
180.80     0.35301
181.00      0.3528
181.20     0.35267
181.40     0.35259
181.60     0.35256
181.80     0.35255
182.00     0.35255
182.20     0.35254
182.40     0.35252
182.60      0.3525
182.80     0.35247
183.00     0.35246
183.20     0.35248
183.40     0.35254
183.60     0.35265
183.80     0.35283
184.00     0.35307
184.20     0.35337
184.40     0.35375
184.60     0.35418
184.80     0.35466
185.00     0.35518
185.20     0.35572
185.40     0.35627
185.60     0.35683
185.80     0.35738
186.00     0.35793
186.20     0.35847
186.40     0.35902
186.60     0.35957
186.80     0.36013
187.00     0.36071
187.20     0.36132
187.40     0.36195
187.60     0.36261
187.80     0.36331
188.00     0.36405
188.20     0.36482
188.40      0.3656
188.60      0.3664
188.80     0.36721
189.00     0.36801
189.20     0.36881
189.40     0.36961
189.60      0.3704
189.80     0.37119
190.00     0.37199
190.20     0.37279
190.40     0.37358
190.60     0.37437
190.80     0.37515
191.00      0.3759
191.20      0.3766
191.40     0.37725
191.60     0.37784
191.80     0.37835
192.00     0.37878
192.20     0.37913
192.40     0.37939
192.60     0.37956
192.80     0.37965
193.00     0.37964
193.20     0.37955
193.40     0.37937
193.60      0.3791
193.80     0.37875
194.00     0.37831
194.20     0.37779
194.40     0.37719
194.60     0.37653
194.80     0.37581
195.00     0.37504
195.20     0.37425
195.40     0.37344
195.60     0.37263
195.80     0.37182
196.00     0.37101
196.20      0.3702
196.40     0.36939
196.60     0.36859
196.80     0.36779
197.00     0.36699
197.20      0.3662
197.40     0.36542
197.60     0.36467
197.80     0.36396
198.00     0.36331
198.20     0.36274
198.40     0.36225
198.60     0.36187
198.80     0.36159
199.00     0.36143
199.20     0.36138
199.40     0.36146
199.60     0.36166
199.80     0.36198
200.00     0.36243
200.20       0.363
200.40     0.36368
200.60     0.36447
200.80     0.36535
201.00     0.36631
201.20     0.36732
201.40     0.36837
201.60     0.36943
201.80     0.37051
202.00     0.37158
202.20     0.37262
202.40     0.37363
202.60     0.37458
202.80     0.37545
203.00     0.37623
203.20     0.37691
203.40     0.37747
203.60     0.37791
203.80     0.37824
204.00     0.37844
204.20     0.37851
204.40     0.37848
204.60     0.37832
204.80     0.37806
205.00      0.3777
205.20     0.37725
205.40     0.37672
205.60     0.37613
205.80     0.37549
206.00     0.37483
206.20     0.37416
206.40     0.37352
206.60     0.37292
206.80     0.37237
207.00     0.37188
207.20     0.37147
207.40     0.37114
207.60     0.37088
207.80     0.37072
208.00     0.37065
208.20     0.37067
208.40     0.37078
208.60       0.371
208.80      0.3713
209.00      0.3717
209.20      0.3722
209.40     0.37278
209.60     0.37345
209.80     0.37419
210.00     0.37499
210.20     0.37583
210.40     0.37671
210.60     0.37762
210.80     0.37856
211.00     0.37951
211.20     0.38049
211.40     0.38148
211.60      0.3825
211.80     0.38354
212.00     0.38459
212.20     0.38565
212.40     0.38671
212.60     0.38775
212.80     0.38878
213.00     0.38979
213.20     0.39077
213.40     0.39174
213.60     0.39268
213.80      0.3936
214.00     0.39448
214.20     0.39532
214.40     0.39611
214.60     0.39683
214.80     0.39747
215.00     0.39805
215.20     0.39855
215.40     0.39898
215.60     0.39934
215.80     0.39963
216.00     0.39987
216.20     0.40005
216.40     0.40019
216.60     0.40028
216.80     0.40034
217.00     0.40036
217.20     0.40036
217.40     0.40033
217.60     0.40029
217.80     0.40023
218.00     0.40016
218.20     0.40008
218.40         0.4
218.60     0.39992
218.80     0.39983
219.00     0.39976
219.20     0.39968
219.40     0.39962
219.60     0.39958
219.80     0.39955
220.00     0.39955
220.20     0.39958
220.40     0.39964
220.60     0.39974
220.80     0.39989
221.00     0.40009
221.20     0.40034
221.40     0.40067
221.60     0.40107
221.80     0.40154
222.00      0.4021
222.20     0.40274
222.40     0.40347
222.60     0.40428
222.80     0.40517
223.00     0.40613
223.20     0.40715
223.40      0.4082
223.60      0.4093
223.80     0.41042
224.00     0.41156
224.20     0.41273
224.40      0.4139
224.60     0.41507
224.80     0.41623
225.00     0.41736
225.20     0.41847
225.40     0.41954
225.60     0.42058
225.80     0.42158
226.00     0.42255
226.20     0.42348
226.40     0.42436
226.60     0.42519
226.80     0.42595
227.00     0.42663
227.20     0.42724
227.40     0.42777
227.60     0.42821
227.80     0.42858
228.00     0.42888
228.20     0.42912
228.40      0.4293
228.60     0.42944
228.80     0.42954
229.00     0.42961
229.20     0.42967
229.40     0.42972
229.60     0.42978
229.80     0.42986
230.00     0.42997
230.20     0.43012
230.40     0.43032
230.60      0.4306
230.80     0.43095
231.00     0.43139
231.20     0.43193
231.40     0.43258
231.60     0.43334
231.80     0.43423
232.00     0.43523
232.20     0.43635
232.40     0.43758
232.60      0.4389
232.80      0.4403
233.00     0.44178
233.20     0.44331
233.40     0.44488
233.60     0.44649
233.80     0.44811
234.00     0.44974
234.20     0.45137
234.40     0.45299
234.60     0.45461
234.80      0.4562
235.00     0.45777
235.20     0.45931
235.40     0.46082
235.60     0.46231
235.80     0.46377
236.00      0.4652
236.20     0.46661
236.40     0.46798
236.60     0.46933
236.80     0.47065
237.00     0.47196
237.20     0.47325
237.40     0.47454
237.60     0.47581
237.80     0.47707
238.00     0.47832
238.20     0.47956
238.40     0.48078
238.60     0.48201
238.80     0.48323
239.00     0.48446
239.20     0.48568
239.40      0.4869
239.60      0.4881
239.80     0.48928
240.00     0.49043
240.20     0.49154
240.40      0.4926
240.60     0.49361
240.80     0.49456
241.00     0.49544
241.20     0.49623
241.40     0.49693
241.60     0.49754
241.80     0.49806
242.00      0.4985
242.20     0.49887
242.40     0.49918
242.60     0.49943
242.80     0.49963
243.00      0.4998
243.20     0.49995
243.40     0.50008
243.60     0.50022
243.80     0.50037
244.00     0.50054
244.20     0.50075
244.40     0.50101
244.60     0.50132
244.80      0.5017
245.00     0.50215
245.20     0.50267
245.40     0.50328
245.60     0.50397
245.80     0.50474
246.00     0.50559
246.20     0.50649
246.40     0.50745
246.60     0.50844
246.80     0.50945
247.00     0.51047
247.20     0.51151
247.40     0.51253
247.60     0.51355
247.80     0.51454
248.00      0.5155
248.20     0.51642
248.40     0.51731
248.60     0.51818
248.80     0.51904
249.00      0.5199
249.20     0.52077
249.40     0.52165
249.60     0.52258
249.80     0.52355
250.00     0.52457
250.20     0.52565
250.40     0.52678
250.60     0.52797
250.80      0.5292
251.00     0.53048
251.20      0.5318
251.40     0.53317
251.60     0.53459
251.80     0.53604
252.00     0.53752
252.20     0.53902
252.40     0.54054
252.60     0.54208
252.80     0.54363
253.00     0.54518
253.20     0.54673
253.40     0.54828
253.60     0.54982
253.80     0.55135
254.00     0.55288
254.20      0.5544
254.40     0.55591
254.60     0.55742
254.80     0.55893
255.00     0.56045
255.20     0.56199
255.40     0.56355
255.60     0.56516
255.80      0.5668
256.00     0.56848
256.20     0.57021
256.40     0.57198
256.60      0.5738
256.80     0.57567
257.00     0.57759
257.20     0.57955
257.40     0.58155
257.60     0.58357
257.80     0.58562
258.00     0.58768
258.20     0.58975
258.40     0.59183
258.60      0.5939
258.80     0.59597
259.00     0.59802
259.20     0.60006
259.40     0.60208
259.60     0.60407
259.80     0.60603
260.00     0.60796
260.20     0.60984
260.40     0.61167
260.60     0.61345
260.80     0.61518
261.00     0.61684
261.20     0.61844
261.40     0.61997
261.60     0.62144
261.80     0.62284
262.00     0.62418
262.20     0.62545
262.40     0.62666
262.60     0.62782
262.80     0.62893
263.00        0.63
263.20     0.63106
263.40     0.63212
263.60     0.63319
263.80     0.63427
264.00     0.63538
264.20     0.63652
264.40     0.63771
264.60     0.63894
264.80     0.64024
265.00     0.64162
265.20     0.64309
265.40     0.64468
265.60     0.64637
265.80     0.64819
266.00     0.65013
266.20      0.6522
266.40     0.65438
266.60     0.65669
266.80     0.65911
267.00     0.66164
267.20     0.66425
267.40     0.66694
267.60     0.66969
267.80     0.67249
268.00     0.67532
268.20     0.67816
268.40     0.68101
268.60     0.68384
268.80     0.68666
269.00     0.68945
269.20     0.69222
269.40     0.69496
269.60     0.69766
269.80     0.70034
270.00     0.70299
270.20     0.70562
270.40     0.70823
270.60     0.71082
270.80     0.71341
271.00     0.71598
271.20     0.71856
271.40     0.72113
271.60     0.72369
271.80     0.72624
272.00     0.72877
272.20     0.73129
272.40     0.73378
272.60     0.73625
272.80     0.73868
273.00     0.74108
273.20     0.74344
273.40     0.74576
273.60     0.74803
273.80     0.75026
274.00     0.75243
274.20     0.75456
274.40     0.75663
274.60     0.75865
274.80     0.76063
275.00     0.76258
275.20     0.76449
275.40     0.76638
275.60     0.76825
275.80     0.77012
276.00       0.772
276.20     0.77391
276.40     0.77586
276.60     0.77785
276.80     0.77991
277.00     0.78204
277.20     0.78427
277.40      0.7866
277.60     0.78905
277.80     0.79161
278.00     0.79429
278.20     0.79709
278.40     0.80001
278.60     0.80305
278.80     0.80621
279.00     0.80949
279.20     0.81289
279.40     0.81641
279.60     0.82004
279.80      0.8238
280.00     0.82768
280.20     0.83168
280.40     0.83581
280.60     0.84005
280.80     0.84441
281.00     0.84888
281.20     0.85344
281.40     0.85809
281.60     0.86282
281.80      0.8676
282.00     0.87243
282.20      0.8773
282.40     0.88219
282.60     0.88708
282.80     0.89198
283.00     0.89685
283.20      0.9017
283.40     0.90651
283.60     0.91127
283.80     0.91596
284.00      0.9206
284.20     0.92516
284.40     0.92964
284.60     0.93404
284.80     0.93836
285.00      0.9426
285.20     0.94678
285.40     0.95089
285.60     0.95495
285.80     0.95896
286.00     0.96293
286.20     0.96687
286.40      0.9708
286.60     0.97472
286.80     0.97866
287.00     0.98261
287.20     0.98659
287.40     0.99059
287.60     0.99463
287.80      0.9987
288.00      1.0028
288.20      1.0069
288.40       1.011
288.60      1.0152
288.80      1.0193
289.00      1.0234
289.20      1.0276
289.40      1.0316
289.60      1.0357
289.80      1.0397
290.00      1.0436
290.20      1.0475
290.40      1.0513
290.60       1.055
290.80      1.0587
291.00      1.0623
291.20      1.0659
291.40      1.0694
291.60      1.0728
291.80      1.0763
292.00      1.0797
292.20       1.083
292.40      1.0864
292.60      1.0898
292.80      1.0931
293.00      1.0965
293.20      1.0999
293.40      1.1034
293.60      1.1069
293.80      1.1104
294.00       1.114
294.20      1.1177
294.40      1.1215
294.60      1.1254
294.80      1.1293
295.00      1.1334
295.20      1.1375
295.40      1.1418
295.60      1.1461
295.80      1.1506
296.00      1.1552
296.20      1.1598
296.40      1.1646
296.60      1.1695
296.80      1.1745
297.00      1.1796
297.20      1.1847
297.40      1.1899
297.60      1.1952
297.80      1.2006
298.00       1.206
298.20      1.2115
298.40       1.217
298.60      1.2226
298.80      1.2283
299.00       1.234
299.20      1.2398
299.40      1.2457
299.60      1.2517
299.80      1.2577
300.00      1.2638
300.20        1.27
300.40      1.2762
300.60      1.2824
300.80      1.2887
301.00       1.295
301.20      1.3014
301.40      1.3077
301.60      1.3141
301.80      1.3204
302.00      1.3268
302.20      1.3333
302.40      1.3397
302.60      1.3462
302.80      1.3528
303.00      1.3594
303.20      1.3661
303.40      1.3728
303.60      1.3796
303.80      1.3865
304.00      1.3935
304.20      1.4006
304.40      1.4078
304.60      1.4151
304.80      1.4226
305.00      1.4302
305.20      1.4379
305.40      1.4458
305.60      1.4538
305.80       1.462
306.00      1.4703
306.20      1.4788
306.40      1.4873
306.60       1.496
306.80      1.5048
307.00      1.5137
307.20      1.5228
307.40      1.5319
307.60      1.5412
307.80      1.5506
308.00      1.5601
308.20      1.5697
308.40      1.5794
308.60      1.5893
308.80      1.5992
309.00      1.6092
309.20      1.6193
309.40      1.6295
309.60      1.6398
309.80      1.6501
310.00      1.6606
310.20      1.6711
310.40      1.6817
310.60      1.6924
310.80      1.7032
311.00      1.7141
311.20       1.725
311.40       1.736
311.60       1.747
311.80       1.758
312.00      1.7691
312.20      1.7802
312.40      1.7914
312.60      1.8026
312.80      1.8138
313.00      1.8251
313.20      1.8364
313.40      1.8477
313.60      1.8591
313.80      1.8705
314.00      1.8819
314.20      1.8934
314.40      1.9049
314.60      1.9165
314.80      1.9281
315.00      1.9398
315.20      1.9515
315.40      1.9634
315.60      1.9753
315.80      1.9873
316.00      1.9994
316.20      2.0116
316.40       2.024
316.60      2.0365
316.80      2.0491
317.00       2.062
317.20      2.0749
317.40      2.0881
317.60      2.1015
317.80       2.115
318.00      2.1288
318.20      2.1427
318.40      2.1569
318.60      2.1712
318.80      2.1858
319.00      2.2005
319.20      2.2155
319.40      2.2305
319.60      2.2457
319.80      2.2611
320.00      2.2766
320.20      2.2922
320.40      2.3079
320.60      2.3237
320.80      2.3396
321.00      2.3557
321.20      2.3718
321.40      2.3881
321.60      2.4044
321.80      2.4209
322.00      2.4376
322.20      2.4544
322.40      2.4713
322.60      2.4884
322.80      2.5058
323.00      2.5233
323.20      2.5412
323.40      2.5593
323.60      2.5779
323.80      2.5968
324.00      2.6162
324.20      2.6361
324.40      2.6566
324.60      2.6777
324.80      2.6995
325.00      2.7221
325.20      2.7454
325.40      2.7696
325.60      2.7945
325.80      2.8204
326.00       2.847
326.20      2.8745
326.40      2.9028
326.60      2.9318
326.80      2.9615
327.00      2.9919
327.20      3.0228
327.40      3.0541
327.60      3.0858
327.80      3.1178
328.00      3.1498
328.20      3.1819
328.40      3.2139
328.60      3.2457
328.80      3.2771
329.00      3.3082
329.20      3.3388
329.40       3.369
329.60      3.3985
329.80      3.4276
330.00      3.4561
330.20      3.4841
330.40      3.5115
330.60      3.5386
330.80      3.5652
331.00      3.5914
331.20      3.6174
331.40       3.643
331.60      3.6685
331.80      3.6938
332.00       3.719
332.20      3.7441
332.40      3.7692
332.60      3.7943
332.80      3.8195
333.00      3.8448
333.20      3.8702
333.40      3.8959
333.60      3.9217
333.80      3.9479
334.00      3.9743
334.20       4.001
334.40       4.028
334.60      4.0553
334.80       4.083
335.00      4.1111
335.20      4.1395
335.40      4.1682
335.60      4.1973
335.80      4.2267
336.00      4.2564
336.20      4.2864
336.40      4.3166
336.60      4.3471
336.80      4.3778
337.00      4.4087
337.20      4.4398
337.40       4.471
337.60      4.5023
337.80      4.5338
338.00      4.5654
338.20       4.597
338.40      4.6288
338.60      4.6606
338.80      4.6924
339.00      4.7243
339.20      4.7563
339.40      4.7883
339.60      4.8204
339.80      4.8525
340.00      4.8847
340.20       4.917
340.40      4.9493
340.60      4.9818
340.80      5.0143
341.00       5.047
341.20      5.0798
341.40      5.1129
341.60      5.1461
341.80      5.1796
342.00      5.2134
342.20      5.2474
342.40      5.2817
342.60      5.3164
342.80      5.3515
343.00      5.3869
343.20      5.4228
343.40      5.4591
343.60      5.4959
343.80      5.5332
344.00       5.571
344.20      5.6094
344.40      5.6484
344.60      5.6881
344.80      5.7283
345.00      5.7693
345.20       5.811
345.40      5.8535
345.60      5.8967
345.80      5.9408
346.00      5.9857
346.20      6.0315
346.40      6.0782
346.60      6.1258
346.80      6.1743
347.00      6.2237
347.20       6.274
347.40      6.3253
347.60      6.3776
347.80      6.4308
348.00      6.4849
348.20        6.54
348.40       6.596
348.60      6.6531
348.80      6.7111
349.00      6.7702
349.20      6.8303
349.40      6.8914
349.60      6.9538
349.80      7.0173
350.00      7.0821
350.20      7.1482
350.40      7.2157
350.60      7.2847
350.80      7.3553
351.00      7.4275
351.20      7.5015
351.40      7.5773
351.60      7.6551
351.80      7.7349
352.00      7.8168
352.20      7.9009
352.40      7.9874
352.60      8.0763
352.80      8.1678
353.00      8.2619
353.20      8.3589
353.40      8.4588
353.60      8.5617
353.80      8.6678
354.00      8.7772
354.20        8.89
354.40      9.0064
354.60      9.1265
354.80      9.2505
355.00      9.3785
355.20      9.5107
355.40      9.6471
355.60      9.7879
355.80      9.9331
356.00      10.083
356.20      10.238
356.40      10.397
356.60      10.561
356.80       10.73
357.00      10.904
357.20      11.083
357.40      11.266
357.60      11.455
357.80      11.648
358.00      11.846
358.20      12.048
358.40      12.254
358.60      12.465
358.80      12.679
359.00      12.897
359.20      13.118
359.40      13.342
359.60      13.569
359.80      13.798
360.00      14.028
360.20       14.26
360.40      14.493
360.60      14.726
360.80      14.959
361.00      15.192
361.20      15.425
361.40      15.655
361.60      15.885
361.80      16.112
362.00      16.337
362.20      16.559
362.40      16.778
362.60      16.994
362.80      17.207
363.00      17.415
363.20      17.619
363.40      17.819
363.60      18.015
363.80      18.206
364.00      18.392
364.20      18.573
364.40      18.749
364.60      18.919
364.80      19.085
365.00      19.245
365.20        19.4
365.40      19.549
365.60      19.692
365.80       19.83
366.00      19.962
366.20      20.089
366.40      20.209
366.60      20.323
366.80      20.432
367.00      20.534
367.20       20.63
367.40      20.721
367.60      20.804
367.80      20.882
368.00      20.954
368.20      21.019
368.40      21.078
368.60      21.131
368.80      21.178
369.00      21.218
369.20      21.252
369.40      21.281
369.60      21.303
369.80       21.32
370.00       21.33
370.20      21.335
370.40      21.334
370.60      21.328
370.80      21.316
371.00      21.299
371.20      21.277
371.40       21.25
371.60      21.218
371.80      21.181
372.00       21.14
372.20      21.095
372.40      21.046
372.60      20.992
372.80      20.935
373.00      20.875
373.20      20.811
373.40      20.744
373.60      20.673
373.80        20.6
374.00      20.525
374.20      20.447
374.40      20.366
374.60      20.283
374.80      20.199
375.00      20.112
375.20      20.023
375.40      19.933
375.60      19.842
375.80      19.749
376.00      19.654
376.20      19.559
376.40      19.462
376.60      19.365
376.80      19.266
377.00      19.167
377.20      19.067
377.40      18.966
377.60      18.865
377.80      18.764
378.00      18.662
378.20       18.56
378.40      18.457
378.60      18.354
378.80      18.251
379.00      18.148
379.20      18.044
379.40      17.941
379.60      17.837
379.80      17.733
380.00       17.63
380.20      17.526
380.40      17.423
380.60      17.319
380.80      17.216
381.00      17.112
381.20      17.009
381.40      16.906
381.60      16.803
381.80        16.7
382.00      16.597
382.20      16.494
382.40      16.392
382.60      16.289
382.80      16.187
383.00      16.085
383.20      15.983
383.40      15.881
383.60      15.779
383.80      15.678
384.00      15.577
384.20      15.476
384.40      15.375
384.60      15.275
384.80      15.175
385.00      15.076
385.20      14.977
385.40      14.878
385.60      14.779
385.80      14.681
386.00      14.584
386.20      14.487
386.40       14.39
386.60      14.294
386.80      14.198
387.00      14.103
387.20      14.008
387.40      13.914
387.60       13.82
387.80      13.727
388.00      13.634
388.20      13.541
388.40      13.449
388.60      13.358
388.80      13.267
389.00      13.177
389.20      13.087
389.40      12.998
389.60      12.909
389.80      12.821
390.00      12.734
390.20      12.647
390.40       12.56
390.60      12.475
390.80      12.389
391.00      12.305
391.20      12.221
391.40      12.138
391.60      12.055
391.80      11.973
392.00      11.892
392.20      11.811
392.40      11.731
392.60      11.651
392.80      11.572
393.00      11.494
393.20      11.416
393.40      11.339
393.60      11.262
393.80      11.186
394.00       11.11
394.20      11.035
394.40      10.961
394.60      10.887
394.80      10.813
395.00       10.74
395.20      10.668
395.40      10.596
395.60      10.525
395.80      10.454
396.00      10.384
396.20      10.314
396.40      10.245
396.60      10.176
396.80      10.108
397.00       10.04
397.20      9.9733
397.40      9.9068
397.60      9.8408
397.80      9.7754
398.00      9.7105
398.20      9.6461
398.40      9.5822
398.60      9.5189
398.80      9.4561
399.00      9.3938
399.20      9.3321
399.40      9.2709
399.60      9.2103
399.80      9.1503
400.00      9.0908
400.20      9.0319
400.40      8.9736
400.60      8.9158
400.80      8.8586
401.00      8.8019
401.20      8.7458
401.40      8.6902
401.60      8.6351
401.80      8.5805
402.00      8.5263
402.20      8.4726
402.40      8.4193
402.60      8.3664
402.80      8.3139
403.00      8.2618
403.20        8.21
403.40      8.1586
403.60      8.1074
403.80      8.0565
404.00      8.0059
404.20      7.9555
404.40      7.9053
404.60      7.8553
404.80      7.8056
405.00      7.7561
405.20      7.7068
405.40      7.6577
405.60      7.6089
405.80      7.5604
406.00      7.5121
406.20      7.4642
406.40      7.4165
406.60      7.3692
406.80      7.3222
407.00      7.2756
407.20      7.2293
407.40      7.1834
407.60      7.1379
407.80      7.0928
408.00      7.0481
408.20      7.0037
408.40      6.9598
408.60      6.9162
408.80      6.8731
409.00      6.8303
409.20       6.788
409.40      6.7461
409.60      6.7046
409.80      6.6635
410.00      6.6229
410.20      6.5826
410.40      6.5428
410.60      6.5034
410.80      6.4645
411.00      6.4259
411.20      6.3877
411.40      6.3499
411.60      6.3125
411.80      6.2755
412.00      6.2389
412.20      6.2027
412.40      6.1668
412.60      6.1314
412.80      6.0963
413.00      6.0617
413.20      6.0274
413.40      5.9935
413.60      5.9601
413.80      5.9269
414.00      5.8941
414.20      5.8617
414.40      5.8295
414.60      5.7976
414.80      5.7659
415.00      5.7344
415.20      5.7032
415.40       5.672
415.60      5.6411
415.80      5.6103
416.00      5.5796
416.20      5.5492
416.40      5.5188
416.60      5.4886
416.80      5.4586
417.00      5.4286
417.20      5.3989
417.40      5.3693
417.60      5.3398
417.80      5.3105
418.00      5.2814
418.20      5.2524
418.40      5.2236
418.60       5.195
418.80      5.1666
419.00      5.1383
419.20      5.1103
419.40      5.0825
419.60      5.0549
419.80      5.0276
420.00      5.0006
420.20      4.9739
420.40      4.9474
420.60      4.9212
420.80      4.8954
421.00      4.8698
421.20      4.8445
421.40      4.8196
421.60      4.7948
421.80      4.7704
422.00      4.7462
422.20      4.7222
422.40      4.6985
422.60       4.675
422.80      4.6517
423.00      4.6285
423.20      4.6056
423.40      4.5828
423.60      4.5602
423.80      4.5377
424.00      4.5154
424.20      4.4933
424.40      4.4713
424.60      4.4494
424.80      4.4277
425.00      4.4062
425.20      4.3848
425.40      4.3635
425.60      4.3424
425.80      4.3214
426.00      4.3006
426.20      4.2799
426.40      4.2593
426.60      4.2388
426.80      4.2183
427.00       4.198
427.20      4.1778
427.40      4.1576
427.60      4.1375
427.80      4.1175
428.00      4.0975
428.20      4.0776
428.40      4.0578
428.60      4.0382
428.80      4.0186
429.00      3.9991
429.20      3.9798
429.40      3.9607
429.60      3.9417
429.80      3.9229
430.00      3.9044
430.20       3.886
430.40      3.8679
430.60        3.85
430.80      3.8323
431.00      3.8148
431.20      3.7976
431.40      3.7806
431.60      3.7639
431.80      3.7473
432.00       3.731
432.20      3.7149
432.40       3.699
432.60      3.6834
432.80      3.6679
433.00      3.6526
433.20      3.6374
433.40      3.6224
433.60      3.6076
433.80      3.5929
434.00      3.5784
434.20      3.5639
434.40      3.5496
434.60      3.5354
434.80      3.5212
435.00      3.5071
435.20      3.4931
435.40      3.4791
435.60      3.4651
435.80      3.4512
436.00      3.4373
436.20      3.4234
436.40      3.4095
436.60      3.3957
436.80      3.3818
437.00       3.368
437.20      3.3542
437.40      3.3404
437.60      3.3267
437.80      3.3131
438.00      3.2995
438.20       3.286
438.40      3.2727
438.60      3.2594
438.80      3.2463
439.00      3.2333
439.20      3.2204
439.40      3.2076
439.60      3.1949
439.80      3.1824
440.00        3.17
440.20      3.1576
440.40      3.1454
440.60      3.1332
440.80      3.1212
441.00      3.1092
441.20      3.0972
441.40      3.0854
441.60      3.0735
441.80      3.0618
442.00      3.0501
442.20      3.0385
442.40      3.0269
442.60      3.0153
442.80      3.0038
443.00      2.9924
443.20       2.981
443.40      2.9698
443.60      2.9586
443.80      2.9475
444.00      2.9365
444.20      2.9256
444.40      2.9148
444.60      2.9042
444.80      2.8938
445.00      2.8835
445.20      2.8735
445.40      2.8636
445.60      2.8539
445.80      2.8444
446.00      2.8351
446.20      2.8259
446.40      2.8169
446.60      2.8081
446.80      2.7994
447.00      2.7908
447.20      2.7823
447.40       2.774
447.60      2.7657
447.80      2.7576
448.00      2.7495
448.20      2.7415
448.40      2.7336
448.60      2.7257
448.80      2.7178
449.00        2.71
449.20      2.7023
449.40      2.6945
449.60      2.6868
449.80      2.6791
450.00      2.6714
450.20      2.6637
450.40      2.6559
450.60      2.6482
450.80      2.6404
451.00      2.6325
451.20      2.6246
451.40      2.6166
451.60      2.6086
451.80      2.6005
452.00      2.5923
452.20       2.584
452.40      2.5757
452.60      2.5673
452.80      2.5589
453.00      2.5504
453.20      2.5418
453.40      2.5332
453.60      2.5246
453.80       2.516
454.00      2.5074
454.20      2.4988
454.40      2.4902
454.60      2.4817
454.80      2.4733
455.00      2.4649
455.20      2.4566
455.40      2.4485
455.60      2.4404
455.80      2.4326
456.00      2.4248
456.20      2.4172
456.40      2.4098
456.60      2.4026
456.80      2.3955
457.00      2.3885
457.20      2.3818
457.40      2.3751
457.60      2.3686
457.80      2.3623
458.00       2.356
458.20      2.3498
458.40      2.3438
458.60      2.3378
458.80      2.3318
459.00      2.3259
459.20        2.32
459.40      2.3142
459.60      2.3083
459.80      2.3025
460.00      2.2966
460.20      2.2908
460.40       2.285
460.60      2.2791
460.80      2.2732
461.00      2.2674
461.20      2.2615
461.40      2.2557
461.60      2.2498
461.80       2.244
462.00      2.2381
462.20      2.2323
462.40      2.2265
462.60      2.2208
462.80       2.215
463.00      2.2093
463.20      2.2036
463.40      2.1979
463.60      2.1923
463.80      2.1867
464.00       2.181
464.20      2.1755
464.40      2.1699
464.60      2.1643
464.80      2.1588
465.00      2.1533
465.20      2.1478
465.40      2.1423
465.60      2.1368
465.80      2.1313
466.00      2.1259
466.20      2.1204
466.40       2.115
466.60      2.1096
466.80      2.1042
467.00      2.0988
467.20      2.0934
467.40      2.0882
467.60      2.0829
467.80      2.0778
468.00      2.0727
468.20      2.0678
468.40      2.0629
468.60      2.0582
468.80      2.0536
469.00      2.0491
469.20      2.0448
469.40      2.0405
469.60      2.0364
469.80      2.0324
470.00      2.0285
470.20      2.0247
470.40       2.021
470.60      2.0172
470.80      2.0136
471.00      2.0099
471.20      2.0062
471.40      2.0024
471.60      1.9987
471.80      1.9948
472.00      1.9909
472.20      1.9869
472.40      1.9828
472.60      1.9787
472.80      1.9744
473.00      1.9701
473.20      1.9658
473.40      1.9614
473.60       1.957
473.80      1.9526
474.00      1.9482
474.20      1.9438
474.40      1.9394
474.60      1.9352
474.80      1.9309
475.00      1.9268
475.20      1.9228
475.40      1.9188
475.60       1.915
475.80      1.9112
476.00      1.9075
476.20      1.9039
476.40      1.9004
476.60      1.8969
476.80      1.8935
477.00      1.8902
477.20      1.8869
477.40      1.8836
477.60      1.8804
477.80      1.8772
478.00      1.8741
478.20      1.8709
478.40      1.8677
478.60      1.8645
478.80      1.8613
479.00      1.8581
479.20      1.8548
479.40      1.8515
479.60      1.8481
479.80      1.8446
480.00       1.841
480.20      1.8373
480.40      1.8335
480.60      1.8297
480.80      1.8257
481.00      1.8217
481.20      1.8176
481.40      1.8134
481.60      1.8092
481.80      1.8049
482.00      1.8006
482.20      1.7963
482.40       1.792
482.60      1.7877
482.80      1.7834
483.00      1.7792
483.20       1.775
483.40      1.7709
483.60      1.7668
483.80      1.7629
484.00       1.759
484.20      1.7553
484.40      1.7517
484.60      1.7482
484.80      1.7449
485.00      1.7417
485.20      1.7386
485.40      1.7357
485.60      1.7328
485.80      1.7302
486.00      1.7276
486.20      1.7251
486.40      1.7228
486.60      1.7205
486.80      1.7184
487.00      1.7163
487.20      1.7142
487.40      1.7122
487.60      1.7102
487.80      1.7082
488.00      1.7062
488.20      1.7042
488.40      1.7021
488.60      1.7001
488.80       1.698
489.00      1.6958
489.20      1.6936
489.40      1.6913
489.60       1.689
489.80      1.6867
490.00      1.6843
490.20      1.6819
490.40      1.6794
490.60       1.677
490.80      1.6745
491.00       1.672
491.20      1.6695
491.40       1.667
491.60      1.6644
491.80      1.6619
492.00      1.6594
492.20      1.6568
492.40      1.6543
492.60      1.6517
492.80      1.6491
493.00      1.6465
493.20      1.6439
493.40      1.6412
493.60      1.6385
493.80      1.6358
494.00      1.6331
494.20      1.6303
494.40      1.6274
494.60      1.6246
494.80      1.6216
495.00      1.6186
495.20      1.6156
495.40      1.6126
495.60      1.6095
495.80      1.6064
496.00      1.6033
496.20      1.6002
496.40       1.597
496.60      1.5939
496.80      1.5908
497.00      1.5878
497.20      1.5847
497.40      1.5817
497.60      1.5788
497.80      1.5758
498.00      1.5729
498.20      1.5701
498.40      1.5673
498.60      1.5645
498.80      1.5617
499.00      1.5589
499.20      1.5562
499.40      1.5534
499.60      1.5506
499.80      1.5478
500.00      1.5449
500.20       1.542
500.40      1.5391
500.60      1.5361
500.80      1.5331
501.00        1.53
501.20      1.5269
501.40      1.5237
501.60      1.5204
501.80      1.5171
502.00      1.5137
502.20      1.5103
502.40      1.5068
502.60      1.5033
502.80      1.4997
503.00       1.496
503.20      1.4924
503.40      1.4887
503.60       1.485
503.80      1.4813
504.00      1.4776
504.20      1.4739
504.40      1.4702
504.60      1.4665
504.80      1.4628
505.00      1.4591
505.20      1.4554
505.40      1.4517
505.60      1.4481
505.80      1.4445
506.00      1.4409
506.20      1.4373
506.40      1.4337
506.60      1.4302
506.80      1.4268
507.00      1.4234
507.20        1.42
507.40      1.4166
507.60      1.4134
507.80      1.4101
508.00      1.4069
508.20      1.4037
508.40      1.4006
508.60      1.3976
508.80      1.3946
509.00      1.3916
509.20      1.3887
509.40      1.3859
509.60      1.3831
509.80      1.3804
510.00      1.3778
510.20      1.3752
510.40      1.3728
510.60      1.3705
510.80      1.3683
511.00      1.3662
511.20      1.3642
511.40      1.3623
511.60      1.3605
511.80      1.3588
512.00      1.3571
512.20      1.3556
512.40       1.354
512.60      1.3526
512.80      1.3511
513.00      1.3496
513.20       1.348
513.40      1.3463
513.60      1.3446
513.80      1.3427
514.00      1.3406
514.20      1.3384
514.40       1.336
514.60      1.3335
514.80      1.3307
515.00      1.3278
515.20      1.3246
515.40      1.3213
515.60      1.3178
515.80      1.3141
516.00      1.3102
516.20      1.3062
516.40      1.3021
516.60      1.2978
516.80      1.2934
517.00       1.289
517.20      1.2845
517.40      1.2799
517.60      1.2753
517.80      1.2708
518.00      1.2662
518.20      1.2617
518.40      1.2573
518.60      1.2529
518.80      1.2485
519.00      1.2443
519.20      1.2401
519.40      1.2359
519.60      1.2319
519.80       1.228
520.00      1.2241
520.20      1.2204
520.40      1.2167
520.60       1.213
520.80      1.2095
521.00       1.206
521.20      1.2025
521.40      1.1991
521.60      1.1958
521.80      1.1925
522.00      1.1892
522.20       1.186
522.40      1.1829
522.60      1.1798
522.80      1.1767
523.00      1.1737
523.20      1.1708
523.40      1.1679
523.60       1.165
523.80      1.1623
524.00      1.1596
524.20      1.1569
524.40      1.1543
524.60      1.1517
524.80      1.1492
525.00      1.1467
525.20      1.1442
525.40      1.1417
525.60      1.1393
525.80      1.1368
526.00      1.1344
526.20      1.1319
526.40      1.1295
526.60      1.1269
526.80      1.1244
527.00      1.1218
527.20      1.1191
527.40      1.1164
527.60      1.1136
527.80      1.1107
528.00      1.1078
528.20      1.1048
528.40      1.1018
528.60      1.0988
528.80      1.0957
529.00      1.0926
529.20      1.0896
529.40      1.0865
529.60      1.0835
529.80      1.0806
530.00      1.0777
530.20       1.075
530.40      1.0723
530.60      1.0697
530.80      1.0673
531.00       1.065
531.20      1.0628
531.40      1.0608
531.60      1.0589
531.80      1.0572
532.00      1.0557
532.20      1.0543
532.40      1.0531
532.60       1.052
532.80       1.051
533.00      1.0502
533.20      1.0494
533.40      1.0487
533.60      1.0481
533.80      1.0475
534.00      1.0469
534.20      1.0463
534.40      1.0457
534.60      1.0452
534.80      1.0446
535.00       1.044
535.20      1.0434
535.40      1.0428
535.60      1.0422
535.80      1.0415
536.00      1.0408
536.20      1.0401
536.40      1.0393
536.60      1.0384
536.80      1.0374
537.00      1.0362
537.20       1.035
537.40      1.0336
537.60      1.0321
537.80      1.0304
538.00      1.0286
538.20      1.0267
538.40      1.0248
538.60      1.0227
538.80      1.0206
539.00      1.0184
539.20      1.0163
539.40      1.0141
539.60       1.012
539.80      1.0098
540.00      1.0077
540.20      1.0057
540.40      1.0037
540.60      1.0018
540.80     0.99987
541.00     0.99804
541.20     0.99627
541.40     0.99456
541.60      0.9929
541.80     0.99132
542.00     0.98982
542.20     0.98841
542.40     0.98709
542.60     0.98587
542.80     0.98476
543.00     0.98377
543.20     0.98292
543.40     0.98222
543.60     0.98165
543.80     0.98124
544.00     0.98097
544.20     0.98085
544.40     0.98087
544.60     0.98103
544.80     0.98132
545.00     0.98175
545.20     0.98229
545.40     0.98295
545.60     0.98372
545.80     0.98457
546.00      0.9855
546.20     0.98647
546.40     0.98748
546.60     0.98852
546.80     0.98956
547.00     0.99059
547.20     0.99162
547.40     0.99262
547.60     0.99359
547.80     0.99452
548.00     0.99537
548.20     0.99614
548.40     0.99681
548.60     0.99735
548.80     0.99777
549.00     0.99805
549.20     0.99818
549.40     0.99817
549.60       0.998
549.80     0.99769
550.00     0.99723
550.20     0.99662
550.40     0.99588
550.60     0.99501
550.80     0.99402
551.00     0.99295
551.20     0.99179
551.40     0.99056
551.60     0.98928
551.80     0.98796
552.00      0.9866
552.20     0.98522
552.40     0.98383
552.60     0.98244
552.80     0.98107
553.00     0.97971
553.20     0.97837
553.40     0.97706
553.60     0.97578
553.80     0.97453
554.00     0.97334
554.20      0.9722
554.40     0.97113
554.60     0.97012
554.80     0.96918
555.00     0.96831
555.20     0.96751
555.40     0.96678
555.60     0.96614
555.80     0.96559
556.00     0.96515
556.20     0.96482
556.40     0.96463
556.60     0.96458
556.80     0.96468
557.00     0.96492
557.20      0.9653
557.40     0.96581
557.60     0.96642
557.80     0.96713
558.00     0.96791
558.20     0.96874
558.40     0.96962
558.60     0.97052
558.80     0.97144
559.00     0.97237
559.20     0.97329
559.40     0.97418
559.60     0.97503
559.80     0.97582
560.00     0.97654
560.20      0.9772
560.40     0.97778
560.60     0.97829
560.80     0.97874
561.00     0.97913
561.20     0.97946
561.40     0.97974
561.60     0.97999
561.80      0.9802
562.00      0.9804
562.20     0.98059
562.40     0.98077
562.60     0.98095
562.80     0.98114
563.00     0.98135
563.20     0.98158
563.40     0.98183
563.60      0.9821
563.80      0.9824
564.00     0.98272
564.20     0.98306
564.40     0.98341
564.60     0.98375
564.80     0.98409
565.00     0.98439
565.20     0.98464
565.40     0.98481
565.60     0.98491
565.80     0.98493
566.00     0.98486
566.20     0.98471
566.40     0.98449
566.60     0.98421
566.80     0.98389
567.00     0.98357
567.20     0.98326
567.40     0.98297
567.60     0.98274
567.80     0.98256
568.00     0.98246
568.20     0.98243
568.40     0.98248
568.60     0.98261
568.80     0.98283
569.00     0.98313
569.20     0.98351
569.40     0.98395
569.60     0.98445
569.80     0.98499
570.00     0.98555
570.20      0.9861
570.40     0.98662
570.60      0.9871
570.80     0.98752
571.00     0.98787
571.20     0.98814
571.40     0.98833
571.60     0.98843
571.80     0.98844
572.00     0.98836
572.20     0.98819
572.40     0.98793
572.60     0.98758
572.80     0.98715
573.00     0.98665
573.20     0.98609
573.40     0.98549
573.60     0.98486
573.80     0.98422
574.00      0.9836
574.20       0.983
574.40     0.98244
574.60     0.98193
574.80     0.98146
575.00     0.98105
575.20     0.98069
575.40     0.98039
575.60     0.98014
575.80     0.97994
576.00      0.9798
576.20     0.97971
576.40     0.97967
576.60     0.97968
576.80     0.97974
577.00     0.97986
577.20     0.98003
577.40     0.98025
577.60     0.98052
577.80     0.98085
578.00     0.98124
578.20     0.98168
578.40     0.98217
578.60      0.9827
578.80     0.98328
579.00     0.98389
579.20     0.98452
579.40     0.98516
579.60     0.98578
579.80     0.98638
580.00     0.98693
580.20     0.98743
580.40     0.98789
580.60     0.98828
580.80     0.98862
581.00     0.98891
581.20     0.98914
581.40     0.98933
581.60     0.98948
581.80     0.98959
582.00     0.98968
582.20     0.98974
582.40     0.98979
582.60     0.98983
582.80     0.98987
583.00     0.98991
583.20     0.98997
583.40     0.99006
583.60     0.99017
583.80     0.99033
584.00     0.99053
584.20     0.99078
584.40      0.9911
584.60     0.99148
584.80     0.99194
585.00     0.99247
585.20     0.99307
585.40     0.99375
585.60     0.99451
585.80     0.99533
586.00      0.9962
586.20     0.99712
586.40     0.99807
586.60     0.99907
586.80      1.0001
587.00      1.0012
587.20      1.0023
587.40      1.0035
587.60      1.0047
587.80       1.006
588.00      1.0073
588.20      1.0086
588.40      1.0099
588.60      1.0112
588.80      1.0126
589.00       1.014
589.20      1.0154
589.40      1.0168
589.60      1.0181
589.80      1.0195
590.00      1.0208
590.20       1.022
590.40      1.0232
590.60      1.0244
590.80      1.0254
591.00      1.0264
591.20      1.0273
591.40       1.028
591.60      1.0287
591.80      1.0293
592.00      1.0298
592.20      1.0302
592.40      1.0305
592.60      1.0307
592.80      1.0309
593.00       1.031
593.20       1.031
593.40       1.031
593.60       1.031
593.80      1.0308
594.00      1.0307
594.20      1.0304
594.40      1.0301
594.60      1.0297
594.80      1.0293
595.00      1.0288
595.20      1.0282
595.40      1.0275
595.60      1.0268
595.80       1.026
596.00      1.0252
596.20      1.0242
596.40      1.0233
596.60      1.0223
596.80      1.0214
597.00      1.0204
597.20      1.0194
597.40      1.0184
597.60      1.0174
597.80      1.0165
598.00      1.0155
598.20      1.0146
598.40      1.0138
598.60       1.013
598.80      1.0122
599.00      1.0116
599.20       1.011
599.40      1.0105
599.60      1.0101
599.80      1.0098
600.00      1.0095
600.20      1.0093
600.40      1.0093
600.60      1.0093
600.80      1.0094
601.00      1.0095
601.20      1.0098
601.40      1.0102
601.60      1.0107
601.80      1.0113
602.00       1.012
602.20      1.0128
602.40      1.0137
602.60      1.0148
602.80      1.0159
603.00      1.0171
603.20      1.0184
603.40      1.0198
603.60      1.0212
603.80      1.0227
604.00      1.0242
604.20      1.0256
604.40      1.0271
604.60      1.0286
604.80        1.03
605.00      1.0313
605.20      1.0326
605.40      1.0338
605.60      1.0349
605.80      1.0359
606.00      1.0368
606.20      1.0376
606.40      1.0383
606.60      1.0389
606.80      1.0394
607.00      1.0398
607.20      1.0401
607.40      1.0404
607.60      1.0406
607.80      1.0407
608.00      1.0409
608.20      1.0409
608.40       1.041
608.60       1.041
608.80       1.041
609.00       1.041
609.20      1.0409
609.40      1.0409
609.60      1.0408
609.80      1.0408
610.00      1.0407
610.20      1.0406
610.40      1.0404
610.60      1.0403
610.80      1.0401
611.00      1.0399
611.20      1.0397
611.40      1.0394
611.60      1.0391
611.80      1.0387
612.00      1.0383
612.20      1.0379
612.40      1.0374
612.60      1.0368
612.80      1.0362
613.00      1.0356
613.20       1.035
613.40      1.0343
613.60      1.0337
613.80      1.0331
614.00      1.0326
614.20      1.0321
614.40      1.0317
614.60      1.0313
614.80      1.0311
615.00      1.0309
615.20      1.0308
615.40      1.0308
615.60      1.0309
615.80       1.031
616.00      1.0313
616.20      1.0316
616.40       1.032
616.60      1.0325
616.80       1.033
617.00      1.0336
617.20      1.0342
617.40      1.0349
617.60      1.0355
617.80      1.0362
618.00      1.0368
618.20      1.0374
618.40       1.038
618.60      1.0385
618.80       1.039
619.00      1.0395
619.20      1.0399
619.40      1.0403
619.60      1.0407
619.80      1.0411
620.00      1.0415
620.20      1.0418
620.40      1.0422
620.60      1.0425
620.80      1.0428
621.00      1.0431
621.20      1.0433
621.40      1.0436
621.60      1.0437
621.80      1.0438
622.00      1.0437
622.20      1.0436
622.40      1.0434
622.60       1.043
622.80      1.0426
623.00      1.0422
623.20      1.0416
623.40       1.041
623.60      1.0403
623.80      1.0396
624.00      1.0389
624.20       1.038
624.40      1.0372
624.60      1.0362
624.80      1.0353
625.00      1.0343
625.20      1.0334
625.40      1.0324
625.60      1.0313
625.80      1.0303
626.00      1.0293
626.20      1.0282
626.40      1.0271
626.60      1.0259
626.80      1.0248
627.00      1.0236
627.20      1.0224
627.40      1.0211
627.60      1.0199
627.80      1.0187
628.00      1.0176
628.20      1.0165
628.40      1.0154
628.60      1.0145
628.80      1.0136
629.00      1.0129
629.20      1.0123
629.40      1.0118
629.60      1.0114
629.80      1.0111
630.00       1.011
630.20       1.011
630.40       1.011
630.60      1.0112
630.80      1.0115
631.00      1.0119
631.20      1.0124
631.40       1.013
631.60      1.0136
631.80      1.0142
632.00      1.0149
632.20      1.0156
632.40      1.0163
632.60      1.0169
632.80      1.0175
633.00       1.018
633.20      1.0185
633.40      1.0189
633.60      1.0193
633.80      1.0196
634.00      1.0199
634.20      1.0201
634.40      1.0202
634.60      1.0203
634.80      1.0203
635.00      1.0203
635.20      1.0202
635.40        1.02
635.60      1.0198
635.80      1.0195
636.00      1.0192
636.20      1.0188
636.40      1.0184
636.60      1.0179
636.80      1.0173
637.00      1.0167
637.20      1.0161
637.40      1.0154
637.60      1.0147
637.80       1.014
638.00      1.0134
638.20      1.0127
638.40      1.0122
638.60      1.0116
638.80      1.0111
639.00      1.0107
639.20      1.0103
639.40        1.01
639.60      1.0097
639.80      1.0095
640.00      1.0094
640.20      1.0092
640.40      1.0092
640.60      1.0092
640.80      1.0092
641.00      1.0093
641.20      1.0095
641.40      1.0097
641.60        1.01
641.80      1.0104
642.00      1.0108
642.20      1.0114
642.40       1.012
642.60      1.0128
642.80      1.0136
643.00      1.0145
643.20      1.0156
643.40      1.0167
643.60      1.0178
643.80       1.019
644.00      1.0203
644.20      1.0215
644.40      1.0229
644.60      1.0242
644.80      1.0255
645.00      1.0268
645.20       1.028
645.40      1.0293
645.60      1.0306
645.80      1.0318
646.00       1.033
646.20      1.0343
646.40      1.0355
646.60      1.0367
646.80      1.0378
647.00       1.039
647.20      1.0401
647.40      1.0412
647.60      1.0423
647.80      1.0434
648.00      1.0445
648.20      1.0455
648.40      1.0466
648.60      1.0476
648.80      1.0486
649.00      1.0496
649.20      1.0506
649.40      1.0515
649.60      1.0524
649.80      1.0534
650.00      1.0543
650.20      1.0552
650.40      1.0561
650.60       1.057
650.80      1.0579
651.00      1.0589
651.20      1.0598
651.40      1.0609
651.60       1.062
651.80      1.0632
652.00      1.0645
652.20      1.0659
652.40      1.0674
652.60      1.0691
652.80      1.0708
653.00      1.0728
653.20      1.0748
653.40       1.077
653.60      1.0793
653.80      1.0817
654.00      1.0843
654.20      1.0869
654.40      1.0896
654.60      1.0924
654.80      1.0953
655.00      1.0981
655.20       1.101
655.40      1.1039
655.60      1.1068
655.80      1.1097
656.00      1.1124
656.20      1.1151
656.40      1.1177
656.60      1.1202
656.80      1.1225
657.00      1.1247
657.20      1.1267
657.40      1.1285
657.60      1.1302
657.80      1.1316
658.00      1.1328
658.20      1.1338
658.40      1.1346
658.60      1.1351
658.80      1.1355
659.00      1.1356
659.20      1.1356
659.40      1.1354
659.60      1.1351
659.80      1.1347
660.00      1.1342
660.20      1.1337
660.40      1.1331
660.60      1.1326
660.80       1.132
661.00      1.1314
661.20      1.1309
661.40      1.1303
661.60      1.1298
661.80      1.1293
662.00      1.1288
662.20      1.1284
662.40       1.128
662.60      1.1276
662.80      1.1273
663.00      1.1271
663.20      1.1269
663.40      1.1268
663.60      1.1269
663.80       1.127
664.00      1.1272
664.20      1.1274
664.40      1.1277
664.60       1.128
664.80      1.1283
665.00      1.1286
665.20      1.1289
665.40      1.1292
665.60      1.1294
665.80      1.1297
666.00      1.1298
666.20        1.13
666.40      1.1301
666.60      1.1302
666.80      1.1302
667.00      1.1302
667.20      1.1301
667.40        1.13
667.60      1.1298
667.80      1.1295
668.00      1.1291
668.20      1.1287
668.40      1.1282
668.60      1.1275
668.80      1.1269
669.00      1.1261
669.20      1.1252
669.40      1.1243
669.60      1.1233
669.80      1.1223
670.00      1.1213
670.20      1.1203
670.40      1.1192
670.60      1.1182
670.80      1.1173
671.00      1.1164
671.20      1.1155
671.40      1.1148
671.60      1.1141
671.80      1.1136
672.00      1.1132
672.20      1.1129
672.40      1.1128
672.60      1.1128
672.80      1.1129
673.00      1.1131
673.20      1.1134
673.40      1.1139
673.60      1.1143
673.80      1.1149
674.00      1.1154
674.20       1.116
674.40      1.1166
674.60      1.1171
674.80      1.1176
675.00      1.1181
675.20      1.1185
675.40      1.1189
675.60      1.1192
675.80      1.1195
676.00      1.1198
676.20        1.12
676.40      1.1202
676.60      1.1204
676.80      1.1205
677.00      1.1206
677.20      1.1207
677.40      1.1207
677.60      1.1208
677.80      1.1208
678.00      1.1208
678.20      1.1207
678.40      1.1207
678.60      1.1206
678.80      1.1204
679.00      1.1203
679.20        1.12
679.40      1.1197
679.60      1.1194
679.80       1.119
680.00      1.1185
680.20       1.118
680.40      1.1174
680.60      1.1167
680.80      1.1159
681.00      1.1151
681.20      1.1143
681.40      1.1133
681.60      1.1124
681.80      1.1114
682.00      1.1104
682.20      1.1094
682.40      1.1084
682.60      1.1074
682.80      1.1064
683.00      1.1053
683.20      1.1043
683.40      1.1034
683.60      1.1024
683.80      1.1016
684.00      1.1007
684.20         1.1
684.40      1.0993
684.60      1.0986
684.80      1.0981
685.00      1.0976
685.20      1.0972
685.40      1.0969
685.60      1.0967
685.80      1.0966
686.00      1.0967
686.20      1.0969
686.40      1.0972
686.60      1.0976
686.80      1.0982
687.00      1.0988
687.20      1.0995
687.40      1.1003
687.60      1.1011
687.80       1.102
688.00      1.1028
688.20      1.1037
688.40      1.1046
688.60      1.1054
688.80      1.1062
689.00      1.1069
689.20      1.1076
689.40      1.1081
689.60      1.1086
689.80       1.109
690.00      1.1094
690.20      1.1096
690.40      1.1098
690.60      1.1099
690.80      1.1099
691.00      1.1099
691.20      1.1098
691.40      1.1096
691.60      1.1093
691.80      1.1091
692.00      1.1087
692.20      1.1083
692.40      1.1079
692.60      1.1074
692.80       1.107
693.00      1.1065
693.20       1.106
693.40      1.1055
693.60      1.1051
693.80      1.1048
694.00      1.1045
694.20      1.1043
694.40      1.1042
694.60      1.1042
694.80      1.1043
695.00      1.1045
695.20      1.1047
695.40       1.105
695.60      1.1053
695.80      1.1056
696.00      1.1059
696.20      1.1061
696.40      1.1062
696.60      1.1063
696.80      1.1063
697.00      1.1063
697.20      1.1061
697.40      1.1059
697.60      1.1056
697.80      1.1053
698.00      1.1049
698.20      1.1045
698.40       1.104
698.60      1.1036
698.80      1.1032
699.00      1.1029
699.20      1.1025
699.40      1.1022
699.60      1.1019
699.80      1.1016
700.00      1.1013
700.20       1.101
700.40      1.1007
700.60      1.1004
700.80         1.1
701.00      1.0995
701.20       1.099
701.40      1.0984
701.60      1.0976
701.80      1.0968
702.00      1.0959
702.20      1.0949
702.40      1.0937
702.60      1.0924
702.80       1.091
703.00      1.0895
703.20      1.0878
703.40      1.0861
703.60      1.0842
703.80      1.0822
704.00      1.0801
704.20      1.0779
704.40      1.0755
704.60       1.073
704.80      1.0704
705.00      1.0677
705.20      1.0648
705.40      1.0618
705.60      1.0586
705.80      1.0552
706.00      1.0516
706.20      1.0478
706.40      1.0438
706.60      1.0396
706.80      1.0352
707.00      1.0306
707.20      1.0257
707.40      1.0207
707.60      1.0154
707.80        1.01
708.00      1.0044
708.20     0.99859
708.40     0.99266
708.60      0.9866
708.80     0.98043
709.00     0.97416
709.20     0.96783
709.40     0.96143
709.60       0.955
709.80     0.94855
710.00     0.94208
710.20     0.93561
710.40     0.92915
710.60     0.92271
710.80     0.91629
711.00      0.9099
711.20     0.90352
711.40     0.89717
711.60     0.89083
711.80     0.88448
712.00     0.87812
712.20     0.87172
712.40     0.86528
712.60     0.85876
712.80     0.85215
713.00     0.84545
713.20     0.83863
713.40      0.8317
713.60     0.82462
713.80     0.81741
714.00     0.81004
714.20     0.80252
714.40     0.79485
714.60     0.78703
714.80     0.77906
715.00     0.77097
715.20     0.76277
715.40     0.75446
715.60     0.74605
715.80     0.73756
716.00     0.72899
716.20     0.72036
716.40     0.71167
716.60     0.70295
716.80     0.69419
717.00     0.68541
717.20      0.6766
717.40     0.66778
717.60     0.65894
717.80     0.65009
718.00     0.64122
718.20     0.63235
718.40     0.62348
718.60     0.61461
718.80     0.60573
719.00     0.59684
719.20     0.58794
719.40     0.57903
719.60     0.57011
719.80     0.56119
720.00     0.55226
