 0.20     0.67434
 0.40     0.67372
 0.60      0.6731
 0.80     0.67247
 1.00     0.67182
 1.20     0.67112
 1.40     0.67037
 1.60     0.66956
 1.80     0.66866
 2.00     0.66765
 2.20     0.66653
 2.40     0.66528
 2.60     0.66388
 2.80     0.66235
 3.00     0.66067
 3.20     0.65884
 3.40     0.65687
 3.60     0.65476
 3.80      0.6525
 4.00     0.65011
 4.20     0.64759
 4.40     0.64494
 4.60     0.64218
 4.80     0.63932
 5.00     0.63636
 5.20     0.63332
 5.40     0.63021
 5.60     0.62705
 5.80     0.62385
 6.00     0.62061
 6.20     0.61736
 6.40      0.6141
 6.60     0.61084
 6.80      0.6076
 7.00     0.60438
 7.20     0.60118
 7.40     0.59803
 7.60     0.59491
 7.80     0.59184
 8.00     0.58882
 8.20     0.58585
 8.40     0.58293
 8.60     0.58006
 8.80     0.57725
 9.00      0.5745
 9.20     0.57181
 9.40     0.56918
 9.60     0.56662
 9.80     0.56412
10.00     0.56168
10.20     0.55931
10.40       0.557
10.60     0.55474
10.80     0.55254
11.00     0.55041
11.20     0.54834
11.40     0.54634
11.60     0.54442
11.80     0.54258
12.00     0.54083
12.20     0.53916
12.40     0.53759
12.60      0.5361
12.80     0.53471
13.00      0.5334
13.20     0.53218
13.40     0.53103
13.60     0.52994
13.80      0.5289
14.00     0.52789
14.20      0.5269
14.40     0.52592
14.60     0.52494
14.80     0.52396
15.00     0.52298
15.20     0.52201
15.40     0.52106
15.60     0.52012
15.80      0.5192
16.00     0.51829
16.20     0.51741
16.40     0.51655
16.60     0.51573
16.80     0.51495
17.00     0.51422
17.20     0.51353
17.40     0.51288
17.60     0.51226
17.80     0.51167
18.00     0.51109
18.20      0.5105
18.40     0.50988
18.60     0.50923
18.80     0.50852
19.00     0.50774
19.20     0.50688
19.40     0.50592
19.60     0.50485
19.80     0.50367
20.00     0.50238
20.20     0.50099
20.40      0.4995
20.60     0.49791
20.80     0.49622
21.00     0.49445
21.20     0.49261
21.40      0.4907
21.60     0.48873
21.80     0.48674
22.00     0.48471
22.20     0.48268
22.40     0.48067
22.60     0.47868
22.80     0.47675
23.00     0.47488
23.20     0.47311
23.40     0.47145
23.60     0.46992
23.80     0.46852
24.00     0.46728
24.20     0.46621
24.40     0.46532
24.60     0.46463
24.80     0.46414
25.00     0.46386
25.20     0.46378
25.40      0.4639
25.60      0.4642
25.80     0.46467
26.00      0.4653
26.20     0.46605
26.40     0.46691
26.60     0.46785
26.80     0.46884
27.00     0.46988
27.20     0.47093
27.40     0.47199
27.60     0.47302
27.80     0.47403
28.00     0.47498
28.20     0.47587
28.40     0.47671
28.60     0.47748
28.80      0.4782
29.00     0.47888
29.20     0.47951
29.40     0.48011
29.60      0.4807
29.80     0.48128
30.00     0.48186
30.20     0.48245
30.40     0.48306
30.60     0.48368
30.80     0.48433
31.00       0.485
31.20     0.48568
31.40     0.48637
31.60     0.48705
31.80     0.48771
32.00     0.48837
32.20     0.48902
32.40     0.48966
32.60      0.4903
32.80     0.49094
33.00     0.49158
33.20     0.49223
33.40      0.4929
33.60     0.49357
33.80     0.49424
34.00     0.49492
34.20     0.49558
34.40     0.49621
34.60     0.49679
34.80     0.49733
35.00     0.49782
35.20     0.49825
35.40     0.49862
35.60     0.49893
35.80     0.49919
36.00     0.49941
36.20     0.49958
36.40     0.49971
36.60     0.49981
36.80     0.49989
37.00     0.49994
37.20     0.49998
37.40     0.50001
37.60     0.50005
37.80     0.50009
38.00     0.50014
38.20     0.50021
38.40     0.50031
38.60     0.50044
38.80     0.50061
39.00     0.50082
39.20     0.50107
39.40     0.50138
39.60     0.50174
39.80     0.50216
40.00     0.50263
40.20     0.50316
40.40     0.50373
40.60     0.50434
40.80     0.50497
41.00     0.50562
41.20     0.50627
41.40     0.50691
41.60     0.50754
41.80     0.50816
42.00     0.50878
42.20     0.50939
42.40        0.51
42.60     0.51062
42.80     0.51125
43.00      0.5119
43.20     0.51257
43.40     0.51327
43.60     0.51399
43.80     0.51474
44.00     0.51549
44.20     0.51625
44.40       0.517
44.60     0.51775
44.80     0.51848
45.00      0.5192
45.20     0.51992
45.40     0.52063
45.60     0.52134
45.80     0.52205
46.00     0.52277
46.20     0.52349
46.40     0.52421
46.60     0.52492
46.80     0.52561
47.00     0.52628
47.20      0.5269
47.40     0.52746
47.60     0.52798
47.80     0.52843
48.00     0.52883
48.20     0.52917
48.40     0.52945
48.60     0.52969
48.80     0.52988
49.00     0.53002
49.20     0.53013
49.40     0.53021
49.60     0.53025
49.80     0.53028
50.00     0.53028
50.20     0.53026
50.40     0.53023
50.60     0.53019
50.80     0.53015
51.00      0.5301
51.20     0.53004
51.40     0.52999
51.60     0.52994
51.80     0.52989
52.00     0.52985
52.20     0.52983
52.40     0.52981
52.60     0.52981
52.80     0.52983
53.00     0.52987
53.20     0.52994
53.40     0.53003
53.60     0.53016
53.80     0.53033
54.00     0.53053
54.20     0.53078
54.40     0.53107
54.60     0.53141
54.80      0.5318
55.00     0.53223
55.20     0.53271
55.40     0.53323
55.60     0.53378
55.80     0.53436
56.00     0.53494
56.20      0.5355
56.40     0.53604
56.60     0.53652
56.80     0.53693
57.00     0.53726
57.20     0.53751
57.40     0.53766
57.60     0.53771
57.80     0.53765
58.00     0.53751
58.20     0.53726
58.40     0.53693
58.60     0.53651
58.80     0.53603
59.00      0.5355
59.20     0.53493
59.40     0.53435
59.60     0.53378
59.80     0.53323
60.00     0.53271
60.20     0.53223
60.40      0.5318
60.60     0.53142
60.80     0.53109
61.00      0.5308
61.20     0.53057
61.40     0.53037
61.60     0.53022
61.80      0.5301
62.00     0.53002
62.20     0.52997
62.40     0.52994
62.60     0.52994
62.80     0.52995
63.00     0.52998
63.20     0.53002
63.40     0.53007
63.60     0.53013
63.80     0.53018
64.00     0.53023
64.20     0.53027
64.40      0.5303
64.60     0.53031
64.80      0.5303
65.00     0.53027
65.20      0.5302
65.40     0.53009
65.60     0.52994
65.80     0.52975
66.00     0.52949
66.20     0.52918
66.40      0.5288
66.60     0.52835
66.80     0.52782
67.00     0.52722
67.20     0.52655
67.40      0.5258
67.60     0.52499
67.80     0.52413
68.00     0.52323
68.20     0.52231
68.40     0.52136
68.60     0.52041
68.80     0.51946
69.00      0.5185
69.20     0.51755
69.40     0.51661
69.60     0.51569
69.80     0.51481
70.00     0.51398
70.20      0.5132
70.40      0.5125
70.60     0.51188
70.80     0.51133
71.00     0.51086
71.20     0.51047
71.40     0.51015
71.60     0.50991
71.80     0.50973
72.00     0.50963
72.20      0.5096
72.40     0.50963
72.60     0.50973
72.80     0.50989
73.00     0.51011
73.20      0.5104
73.40     0.51074
73.60     0.51115
73.80     0.51162
74.00     0.51215
74.20     0.51273
74.40     0.51335
74.60     0.51402
74.80      0.5147
75.00     0.51539
75.20     0.51607
75.40     0.51671
75.60     0.51732
75.80     0.51787
76.00     0.51836
76.20     0.51879
76.40     0.51914
76.60     0.51943
76.80     0.51965
77.00      0.5198
77.20     0.51987
77.40     0.51987
77.60     0.51981
77.80     0.51967
78.00     0.51946
78.20     0.51918
78.40     0.51884
78.60     0.51842
78.80     0.51795
79.00     0.51742
79.20     0.51684
79.40     0.51622
79.60     0.51557
79.80     0.51491
80.00     0.51426
80.20     0.51363
80.40     0.51304
80.60      0.5125
80.80     0.51201
81.00     0.51157
81.20     0.51118
81.40     0.51085
81.60     0.51056
81.80     0.51033
82.00     0.51014
82.20     0.50999
82.40     0.50987
82.60     0.50979
82.80     0.50974
83.00     0.50971
83.20     0.50971
83.40     0.50972
83.60     0.50975
83.80     0.50979
84.00     0.50985
84.20     0.50991
84.40     0.50998
84.60     0.51006
84.80     0.51014
85.00     0.51022
85.20      0.5103
85.40     0.51037
85.60     0.51044
85.80     0.51051
86.00     0.51056
86.20     0.51059
86.40     0.51061
86.60      0.5106
86.80     0.51056
87.00     0.51049
87.20     0.51037
87.40      0.5102
87.60     0.50997
87.80     0.50967
88.00     0.50931
88.20     0.50886
88.40     0.50832
88.60     0.50769
88.80     0.50696
89.00     0.50613
89.20     0.50521
89.40     0.50419
89.60      0.5031
89.80     0.50193
90.00     0.50071
90.20     0.49945
90.40     0.49816
90.60     0.49684
90.80     0.49551
91.00      0.4942
91.20      0.4929
91.40     0.49165
91.60     0.49045
91.80     0.48932
92.00     0.48827
92.20     0.48731
92.40     0.48645
92.60     0.48571
92.80      0.4851
93.00     0.48465
93.20     0.48436
93.40     0.48423
93.60     0.48427
93.80     0.48447
94.00     0.48482
94.20      0.4853
94.40     0.48591
94.60     0.48661
94.80      0.4874
95.00     0.48824
95.20     0.48913
95.40     0.49007
95.60     0.49102
95.80       0.492
96.00     0.49298
96.20     0.49395
96.40     0.49489
96.60     0.49578
96.80     0.49662
97.00     0.49738
97.20     0.49806
97.40     0.49866
97.60     0.49916
97.80     0.49957
98.00     0.49989
98.20     0.50012
98.40     0.50025
98.60     0.50029
98.80     0.50023
99.00     0.50007
99.20     0.49981
99.40     0.49946
99.60       0.499
99.80     0.49844
100.00     0.49777
100.20     0.49701
100.40     0.49614
100.60     0.49519
100.80     0.49416
101.00     0.49307
101.20     0.49193
101.40     0.49077
101.60      0.4896
101.80     0.48844
102.00     0.48731
102.20     0.48621
102.40     0.48518
102.60     0.48422
102.80     0.48335
103.00     0.48257
103.20     0.48187
103.40     0.48127
103.60     0.48075
103.80     0.48032
104.00     0.47996
104.20     0.47967
104.40     0.47945
104.60     0.47929
104.80     0.47919
105.00     0.47914
105.20     0.47914
105.40     0.47919
105.60     0.47928
105.80     0.47942
106.00     0.47961
106.20     0.47984
106.40     0.48013
106.60     0.48046
106.80     0.48084
107.00     0.48127
107.20     0.48176
107.40     0.48229
107.60     0.48287
107.80      0.4835
108.00     0.48415
108.20     0.48483
108.40     0.48551
108.60     0.48618
108.80     0.48681
109.00      0.4874
109.20     0.48794
109.40     0.48842
109.60     0.48884
109.80     0.48919
110.00     0.48947
110.20     0.48968
110.40     0.48982
110.60     0.48989
110.80     0.48989
111.00     0.48982
111.20     0.48968
111.40     0.48946
111.60     0.48918
111.80     0.48883
112.00     0.48842
112.20     0.48794
112.40      0.4874
112.60     0.48681
112.80     0.48619
113.00     0.48553
113.20     0.48486
113.40      0.4842
113.60     0.48356
113.80     0.48296
114.00      0.4824
114.20      0.4819
114.40     0.48144
114.60     0.48104
114.80     0.48069
115.00      0.4804
115.20     0.48015
115.40     0.47995
115.60      0.4798
115.80     0.47969
116.00     0.47962
116.20     0.47958
116.40     0.47959
116.60     0.47962
116.80     0.47969
117.00      0.4798
117.20     0.47994
117.40     0.48011
117.60     0.48031
117.80     0.48055
118.00     0.48081
118.20     0.48112
118.40     0.48145
118.60      0.4818
118.80     0.48218
119.00     0.48258
119.20     0.48299
119.40     0.48339
119.60     0.48377
119.80     0.48412
120.00     0.48442
120.20     0.48464
120.40     0.48476
120.60     0.48476
120.80     0.48465
121.00     0.48441
121.20     0.48405
121.40     0.48357
121.60     0.48299
121.80     0.48232
122.00     0.48159
122.20      0.4808
122.40     0.47997
122.60     0.47911
122.80     0.47824
123.00     0.47737
123.20      0.4765
123.40     0.47566
123.60     0.47488
123.80     0.47416
124.00     0.47354
124.20     0.47303
124.40     0.47265
124.60     0.47239
124.80     0.47227
125.00      0.4723
125.20     0.47247
125.40     0.47278
125.60     0.47324
125.80     0.47384
126.00     0.47456
126.20      0.4754
126.40     0.47633
126.60     0.47735
126.80     0.47842
127.00     0.47954
127.20     0.48068
127.40     0.48183
127.60     0.48299
127.80     0.48412
128.00     0.48522
128.20     0.48627
128.40     0.48725
128.60     0.48818
128.80     0.48903
129.00     0.48982
129.20     0.49054
129.40     0.49119
129.60     0.49177
129.80     0.49228
130.00     0.49272
130.20     0.49308
130.40     0.49336
130.60     0.49354
130.80     0.49363
131.00     0.49361
131.20     0.49351
131.40     0.49333
131.60      0.4931
131.80     0.49283
132.00     0.49254
132.20     0.49225
132.40     0.49195
132.60     0.49166
132.80     0.49138
133.00     0.49112
133.20     0.49087
133.40     0.49065
133.60     0.49045
133.80     0.49026
134.00      0.4901
134.20     0.48996
134.40     0.48983
134.60     0.48971
134.80     0.48962
135.00     0.48953
135.20     0.48946
135.40     0.48941
135.60     0.48937
135.80     0.48934
136.00     0.48934
136.20     0.48935
136.40     0.48939
136.60     0.48946
136.80     0.48956
137.00     0.48969
137.20     0.48987
137.40      0.4901
137.60     0.49038
137.80     0.49072
138.00     0.49113
138.20     0.49161
138.40     0.49216
138.60     0.49279
138.80     0.49349
139.00     0.49427
139.20     0.49511
139.40     0.49601
139.60     0.49694
139.80      0.4979
140.00     0.49885
140.20     0.49979
140.40     0.50069
140.60     0.50154
140.80     0.50233
141.00     0.50304
141.20     0.50364
141.40     0.50413
141.60     0.50447
141.80     0.50466
142.00     0.50469
142.20     0.50456
142.40     0.50429
142.60     0.50388
142.80     0.50334
143.00      0.5027
143.20     0.50198
143.40     0.50119
143.60     0.50035
143.80     0.49948
144.00     0.49858
144.20     0.49767
144.40     0.49677
144.60     0.49589
144.80     0.49505
145.00     0.49427
145.20     0.49356
145.40     0.49292
145.60     0.49236
145.80     0.49187
146.00     0.49145
146.20     0.49109
146.40      0.4908
146.60     0.49055
146.80     0.49035
147.00     0.49018
147.20     0.49004
147.40     0.48991
147.60     0.48979
147.80     0.48966
148.00     0.48952
148.20     0.48936
148.40     0.48916
148.60     0.48893
148.80     0.48865
149.00     0.48831
149.20     0.48792
149.40     0.48747
149.60     0.48696
149.80     0.48639
150.00     0.48576
150.20     0.48509
150.40     0.48439
150.60     0.48367
150.80     0.48296
151.00     0.48227
151.20     0.48162
151.40     0.48103
151.60     0.48051
151.80     0.48007
152.00     0.47972
152.20     0.47948
152.40     0.47935
152.60     0.47934
152.80     0.47947
153.00     0.47974
153.20     0.48015
153.40     0.48068
153.60     0.48133
153.80      0.4821
154.00     0.48298
154.20     0.48395
154.40       0.485
154.60     0.48612
154.80     0.48728
155.00     0.48847
155.20     0.48966
155.40     0.49085
155.60     0.49202
155.80     0.49316
156.00     0.49424
156.20     0.49526
156.40     0.49619
156.60     0.49702
156.80     0.49776
157.00     0.49839
157.20     0.49892
157.40     0.49935
157.60     0.49968
157.80     0.49991
158.00     0.50005
158.20     0.50009
158.40     0.50005
158.60     0.49993
158.80     0.49972
159.00     0.49944
159.20     0.49909
159.40     0.49866
159.60     0.49817
159.80     0.49762
160.00     0.49702
160.20     0.49638
160.40     0.49572
160.60     0.49505
160.80     0.49439
161.00     0.49375
161.20     0.49316
161.40     0.49261
161.60     0.49212
161.80     0.49168
162.00      0.4913
162.20     0.49097
162.40      0.4907
162.60     0.49047
162.80     0.49029
163.00     0.49014
163.20     0.49004
163.40     0.48996
163.60      0.4899
163.80     0.48987
164.00     0.48984
164.20     0.48983
164.40     0.48982
164.60     0.48981
164.80     0.48979
165.00     0.48976
165.20     0.48972
165.40     0.48967
165.60     0.48959
165.80     0.48949
166.00     0.48936
166.20      0.4892
166.40     0.48901
166.60     0.48879
166.80     0.48853
167.00     0.48825
167.20     0.48794
167.40      0.4876
167.60     0.48725
167.80      0.4869
168.00     0.48654
168.20     0.48621
168.40     0.48592
168.60     0.48568
168.80     0.48552
169.00     0.48545
169.20     0.48546
169.40     0.48557
169.60     0.48576
169.80     0.48602
170.00     0.48634
170.20     0.48669
170.40     0.48705
170.60     0.48742
170.80     0.48776
171.00     0.48808
171.20     0.48837
171.40     0.48861
171.60     0.48881
171.80     0.48896
172.00     0.48905
172.20     0.48909
172.40     0.48907
172.60       0.489
172.80     0.48888
173.00     0.48871
173.20     0.48849
173.40     0.48823
173.60     0.48793
173.80     0.48761
174.00     0.48727
174.20     0.48693
174.40      0.4866
174.60     0.48629
174.80     0.48603
175.00     0.48581
175.20     0.48564
175.40      0.4855
175.60      0.4854
175.80      0.4853
176.00     0.48519
176.20     0.48505
176.40     0.48486
176.60     0.48463
176.80     0.48433
177.00     0.48399
177.20      0.4836
177.40     0.48318
177.60     0.48275
177.80     0.48232
178.00     0.48191
178.20     0.48153
178.40     0.48119
178.60      0.4809
178.80     0.48067
179.00      0.4805
179.20      0.4804
179.40     0.48037
179.60     0.48043
179.80     0.48056
180.00     0.48079
180.20      0.4811
180.40     0.48151
180.60     0.48202
180.80     0.48262
181.00     0.48331
181.20     0.48409
181.40     0.48496
181.60     0.48589
181.80     0.48689
182.00     0.48794
182.20     0.48906
182.40     0.49024
182.60     0.49148
182.80      0.4928
183.00     0.49418
183.20     0.49563
183.40     0.49715
183.60     0.49871
183.80     0.50033
184.00     0.50198
184.20     0.50365
184.40     0.50535
184.60     0.50706
184.80     0.50876
185.00     0.51043
185.20     0.51207
185.40     0.51365
185.60     0.51516
185.80     0.51658
186.00     0.51789
186.20     0.51909
186.40     0.52016
186.60     0.52109
186.80     0.52188
187.00     0.52252
187.20     0.52298
187.40     0.52326
187.60     0.52336
187.80     0.52327
188.00     0.52299
188.20     0.52254
188.40     0.52194
188.60     0.52122
188.80     0.52039
189.00     0.51949
189.20     0.51854
189.40     0.51755
189.60     0.51657
189.80     0.51561
190.00     0.51469
190.20     0.51384
190.40     0.51306
190.60     0.51235
190.80     0.51174
191.00      0.5112
191.20     0.51076
191.40      0.5104
191.60     0.51012
191.80     0.50993
192.00     0.50981
192.20     0.50977
192.40      0.5098
192.60     0.50991
192.80     0.51008
193.00     0.51033
193.20     0.51064
193.40     0.51102
193.60     0.51146
193.80     0.51196
194.00     0.51251
194.20     0.51311
194.40     0.51375
194.60     0.51441
194.80     0.51507
195.00     0.51573
195.20     0.51635
195.40     0.51694
195.60     0.51748
195.80     0.51796
196.00     0.51839
196.20     0.51876
196.40     0.51908
196.60     0.51935
196.80     0.51956
197.00     0.51973
197.20     0.51986
197.40     0.51996
197.60     0.52002
197.80     0.52006
198.00     0.52007
198.20     0.52007
198.40     0.52005
198.60     0.52003
198.80     0.52001
199.00     0.51999
199.20     0.51997
199.40     0.51997
199.60     0.51998
199.80     0.52001
200.00     0.52007
200.20     0.52015
200.40     0.52027
200.60     0.52044
200.80     0.52064
201.00     0.52089
201.20     0.52119
201.40     0.52154
201.60     0.52195
201.80     0.52241
202.00     0.52292
202.20     0.52347
202.40     0.52406
202.60     0.52468
202.80      0.5253
203.00     0.52592
203.20     0.52652
203.40     0.52708
203.60      0.5276
203.80     0.52807
204.00     0.52849
204.20     0.52886
204.40     0.52918
204.60     0.52945
204.80     0.52968
205.00     0.52987
205.20     0.53002
205.40     0.53014
205.60     0.53023
205.80     0.53029
206.00     0.53033
206.20     0.53035
206.40     0.53036
206.60     0.53035
206.80     0.53034
207.00     0.53031
207.20     0.53028
207.40     0.53024
207.60      0.5302
207.80     0.53016
208.00     0.53011
208.20     0.53005
208.40        0.53
208.60     0.52994
208.80     0.52988
209.00     0.52982
209.20     0.52976
209.40     0.52969
209.60     0.52963
209.80     0.52956
210.00      0.5295
210.20     0.52944
210.40     0.52939
210.60     0.52935
210.80     0.52933
211.00     0.52932
211.20     0.52933
211.40     0.52938
211.60     0.52945
211.80     0.52957
212.00     0.52974
212.20     0.52997
212.40     0.53026
212.60     0.53062
212.80     0.53106
213.00     0.53159
213.20     0.53222
213.40     0.53294
213.60     0.53377
213.80      0.5347
214.00     0.53572
214.20     0.53683
214.40     0.53801
214.60     0.53925
214.80     0.54055
215.00     0.54188
215.20     0.54326
215.40     0.54465
215.60     0.54605
215.80     0.54744
216.00      0.5488
216.20     0.55013
216.40      0.5514
216.60     0.55262
216.80     0.55375
217.00      0.5548
217.20     0.55575
217.40     0.55659
217.60     0.55733
217.80     0.55797
218.00     0.55852
218.20     0.55898
218.40     0.55936
218.60     0.55968
218.80     0.55995
219.00     0.56017
219.20     0.56036
219.40     0.56053
219.60      0.5607
219.80     0.56086
220.00     0.56104
220.20     0.56124
220.40     0.56147
220.60     0.56173
220.80     0.56204
221.00     0.56239
221.20     0.56279
221.40     0.56323
221.60     0.56372
221.80     0.56424
222.00     0.56479
222.20     0.56534
222.40     0.56589
222.60     0.56641
222.80      0.5669
223.00     0.56735
223.20     0.56775
223.40     0.56811
223.60     0.56842
223.80     0.56868
224.00     0.56891
224.20      0.5691
224.40     0.56926
224.60     0.56941
224.80     0.56954
225.00     0.56967
225.20     0.56981
225.40     0.56996
225.60     0.57014
225.80     0.57035
226.00     0.57061
226.20     0.57093
226.40     0.57131
226.60     0.57176
226.80     0.57229
227.00     0.57291
227.20     0.57361
227.40     0.57439
227.60     0.57526
227.80      0.5762
228.00      0.5772
228.20     0.57825
228.40     0.57934
228.60     0.58047
228.80     0.58163
229.00     0.58282
229.20     0.58403
229.40     0.58526
229.60     0.58648
229.80     0.58769
230.00     0.58888
230.20     0.59006
230.40     0.59122
230.60     0.59235
230.80     0.59346
231.00     0.59453
231.20     0.59558
231.40      0.5966
231.60     0.59761
231.80     0.59862
232.00     0.59966
232.20     0.60072
232.40     0.60184
232.60     0.60304
232.80     0.60432
233.00      0.6057
233.20     0.60719
233.40     0.60879
233.60      0.6105
233.80     0.61232
234.00     0.61423
234.20     0.61624
234.40     0.61834
234.60      0.6205
234.80     0.62272
235.00     0.62497
235.20     0.62724
235.40     0.62952
235.60     0.63176
235.80     0.63397
236.00     0.63611
236.20     0.63818
236.40     0.64015
236.60     0.64202
236.80     0.64378
237.00     0.64543
237.20     0.64698
237.40     0.64842
237.60     0.64977
237.80     0.65105
238.00     0.65227
238.20     0.65345
238.40     0.65458
238.60     0.65568
238.80     0.65675
239.00     0.65779
239.20      0.6588
239.40     0.65978
239.60     0.66074
239.80     0.66167
240.00     0.66258
240.20     0.66347
240.40     0.66433
240.60     0.66518
240.80     0.66598
241.00     0.66675
241.20     0.66748
241.40     0.66818
241.60     0.66884
241.80     0.66948
242.00      0.6701
242.20     0.67071
242.40     0.67133
242.60     0.67195
242.80     0.67259
243.00     0.67326
243.20     0.67394
243.40     0.67464
243.60     0.67537
243.80      0.6761
244.00     0.67683
244.20     0.67756
244.40      0.6783
244.60     0.67904
244.80      0.6798
245.00     0.68058
245.20     0.68139
245.40     0.68223
245.60     0.68311
245.80     0.68403
246.00       0.685
246.20       0.686
246.40     0.68704
246.60      0.6881
246.80     0.68919
247.00     0.69029
247.20     0.69143
247.40     0.69258
247.60     0.69376
247.80     0.69496
248.00     0.69617
248.20     0.69739
248.40     0.69862
248.60     0.69987
248.80     0.70113
249.00     0.70243
249.20     0.70375
249.40     0.70511
249.60      0.7065
249.80     0.70792
250.00     0.70938
250.20      0.7109
250.40     0.71247
250.60     0.71411
250.80     0.71582
251.00     0.71761
251.20     0.71947
251.40      0.7214
251.60      0.7234
251.80     0.72547
252.00     0.72759
252.20     0.72977
252.40     0.73199
252.60     0.73423
252.80      0.7365
253.00     0.73878
253.20     0.74105
253.40     0.74331
253.60     0.74554
253.80     0.74774
254.00     0.74992
254.20     0.75206
254.40     0.75418
254.60     0.75627
254.80     0.75835
255.00     0.76041
255.20     0.76248
255.40     0.76456
255.60     0.76666
255.80     0.76878
256.00     0.77094
256.20     0.77314
256.40     0.77538
256.60     0.77768
256.80     0.78004
257.00     0.78244
257.20      0.7849
257.40     0.78742
257.60     0.78998
257.80     0.79259
258.00     0.79523
258.20     0.79792
258.40     0.80062
258.60     0.80334
258.80     0.80607
259.00     0.80879
259.20     0.81149
259.40     0.81417
259.60     0.81682
259.80     0.81942
260.00     0.82199
260.20     0.82452
260.40     0.82702
260.60     0.82947
260.80      0.8319
261.00      0.8343
261.20     0.83669
261.40     0.83906
261.60     0.84142
261.80     0.84377
262.00     0.84612
262.20     0.84846
262.40     0.85079
262.60     0.85312
262.80     0.85542
263.00     0.85769
263.20     0.85994
263.40     0.86215
263.60     0.86433
263.80     0.86647
264.00     0.86857
264.20     0.87065
264.40      0.8727
264.60     0.87473
264.80     0.87675
265.00     0.87877
265.20     0.88079
265.40     0.88284
265.60     0.88492
265.80     0.88704
266.00     0.88921
266.20     0.89144
266.40     0.89373
266.60     0.89609
266.80     0.89853
267.00     0.90104
267.20     0.90362
267.40     0.90627
267.60     0.90898
267.80     0.91176
268.00     0.91459
268.20     0.91749
268.40     0.92043
268.60     0.92342
268.80     0.92644
269.00      0.9295
269.20     0.93259
269.40     0.93569
269.60     0.93881
269.80     0.94194
270.00     0.94508
270.20     0.94822
270.40     0.95137
270.60     0.95453
270.80      0.9577
271.00     0.96089
271.20     0.96411
271.40     0.96736
271.60     0.97065
271.80     0.97399
272.00     0.97738
272.20     0.98083
272.40     0.98434
272.60     0.98791
272.80     0.99155
273.00     0.99526
273.20     0.99903
273.40      1.0029
273.60      1.0067
273.80      1.0107
274.00      1.0147
274.20      1.0187
274.40      1.0228
274.60      1.0269
274.80       1.031
275.00      1.0351
275.20      1.0392
275.40      1.0433
275.60      1.0474
275.80      1.0516
276.00      1.0557
276.20      1.0598
276.40       1.064
276.60      1.0681
276.80      1.0723
277.00      1.0766
277.20      1.0809
277.40      1.0853
277.60      1.0897
277.80      1.0942
278.00      1.0987
278.20      1.1034
278.40      1.1081
278.60      1.1128
278.80      1.1176
279.00      1.1225
279.20      1.1275
279.40      1.1325
279.60      1.1375
279.80      1.1426
280.00      1.1477
280.20      1.1529
280.40      1.1581
280.60      1.1633
280.80      1.1686
281.00      1.1739
281.20      1.1792
281.40      1.1845
281.60      1.1898
281.80      1.1951
282.00      1.2003
282.20      1.2055
282.40      1.2107
282.60      1.2158
282.80      1.2208
283.00      1.2257
283.20      1.2305
283.40      1.2352
283.60      1.2397
283.80      1.2441
284.00      1.2485
284.20      1.2527
284.40      1.2567
284.60      1.2607
284.80      1.2646
285.00      1.2684
285.20      1.2722
285.40       1.276
285.60      1.2797
285.80      1.2835
286.00      1.2873
286.20      1.2912
286.40      1.2952
286.60      1.2992
286.80      1.3035
287.00      1.3078
287.20      1.3124
287.40      1.3171
287.60       1.322
287.80      1.3271
288.00      1.3324
288.20      1.3379
288.40      1.3437
288.60      1.3496
288.80      1.3558
289.00      1.3621
289.20      1.3686
289.40      1.3753
289.60      1.3821
289.80      1.3891
290.00      1.3962
290.20      1.4035
290.40      1.4108
290.60      1.4181
290.80      1.4256
291.00      1.4331
291.20      1.4406
291.40      1.4481
291.60      1.4556
291.80      1.4631
292.00      1.4705
292.20       1.478
292.40      1.4854
292.60      1.4928
292.80      1.5001
293.00      1.5074
293.20      1.5147
293.40       1.522
293.60      1.5292
293.80      1.5364
294.00      1.5437
294.20      1.5509
294.40      1.5582
294.60      1.5655
294.80      1.5728
295.00      1.5802
295.20      1.5875
295.40       1.595
295.60      1.6024
295.80      1.6099
296.00      1.6174
296.20       1.625
296.40      1.6326
296.60      1.6402
296.80      1.6477
297.00      1.6553
297.20      1.6629
297.40      1.6705
297.60       1.678
297.80      1.6855
298.00       1.693
298.20      1.7004
298.40      1.7078
298.60      1.7152
298.80      1.7226
299.00        1.73
299.20      1.7374
299.40      1.7449
299.60      1.7524
299.80        1.76
300.00      1.7677
300.20      1.7756
300.40      1.7837
300.60      1.7919
300.80      1.8004
301.00      1.8091
301.20      1.8181
301.40      1.8273
301.60      1.8368
301.80      1.8466
302.00      1.8567
302.20      1.8671
302.40      1.8776
302.60      1.8885
302.80      1.8995
303.00      1.9107
303.20       1.922
303.40      1.9335
303.60      1.9451
303.80      1.9568
304.00      1.9686
304.20      1.9804
304.40      1.9923
304.60      2.0041
304.80       2.016
305.00      2.0278
305.20      2.0397
305.40      2.0514
305.60      2.0631
305.80      2.0748
306.00      2.0864
306.20       2.098
306.40      2.1095
306.60       2.121
306.80      2.1324
307.00      2.1438
307.20      2.1552
307.40      2.1666
307.60       2.178
307.80      2.1894
308.00      2.2009
308.20      2.2125
308.40      2.2242
308.60       2.236
308.80      2.2479
309.00      2.2599
309.20      2.2721
309.40      2.2845
309.60       2.297
309.80      2.3097
310.00      2.3226
310.20      2.3357
310.40      2.3489
310.60      2.3623
310.80      2.3759
311.00      2.3895
311.20      2.4033
311.40      2.4172
311.60      2.4313
311.80      2.4454
312.00      2.4596
312.20       2.474
312.40      2.4884
312.60      2.5029
312.80      2.5175
313.00      2.5322
313.20       2.547
313.40      2.5619
313.60       2.577
313.80      2.5922
314.00      2.6076
314.20      2.6232
314.40      2.6389
314.60      2.6549
314.80      2.6711
315.00      2.6876
315.20      2.7042
315.40      2.7211
315.60      2.7383
315.80      2.7557
316.00      2.7733
316.20      2.7911
316.40      2.8091
316.60      2.8273
316.80      2.8457
317.00      2.8642
317.20      2.8829
317.40      2.9018
317.60      2.9208
317.80        2.94
318.00      2.9593
318.20      2.9787
318.40      2.9983
318.60      3.0181
318.80      3.0379
319.00      3.0579
319.20       3.078
319.40      3.0983
319.60      3.1187
319.80      3.1392
320.00      3.1599
320.20      3.1808
320.40      3.2018
320.60      3.2231
320.80      3.2445
321.00      3.2662
321.20       3.288
321.40        3.31
321.60      3.3323
321.80      3.3548
322.00      3.3775
322.20      3.4004
322.40      3.4235
322.60      3.4469
322.80      3.4705
323.00      3.4943
323.20      3.5183
323.40      3.5425
323.60      3.5669
323.80      3.5916
324.00      3.6165
324.20      3.6415
324.40      3.6668
324.60      3.6922
324.80      3.7179
325.00      3.7438
325.20      3.7698
325.40      3.7961
325.60      3.8226
325.80      3.8494
326.00      3.8763
326.20      3.9036
326.40       3.931
326.60      3.9588
326.80      3.9868
327.00      4.0152
327.20      4.0438
327.40      4.0727
327.60      4.1019
327.80      4.1314
328.00      4.1612
328.20      4.1912
328.40      4.2214
328.60      4.2519
328.80      4.2826
329.00      4.3135
329.20      4.3445
329.40      4.3758
329.60      4.4071
329.80      4.4386
330.00      4.4702
330.20      4.5019
330.40      4.5336
330.60      4.5655
330.80      4.5974
331.00      4.6294
331.20      4.6615
331.40      4.6937
331.60      4.7259
331.80      4.7583
332.00      4.7908
332.20      4.8234
332.40      4.8562
332.60      4.8892
332.80      4.9225
333.00      4.9561
333.20      4.9901
333.40      5.0245
333.60      5.0593
333.80      5.0947
334.00      5.1306
334.20      5.1672
334.40      5.2045
334.60      5.2426
334.80      5.2814
335.00      5.3212
335.20      5.3618
335.40      5.4034
335.60       5.446
335.80      5.4895
336.00      5.5341
336.20      5.5796
336.40      5.6262
336.60      5.6737
336.80      5.7221
337.00      5.7713
337.20      5.8213
337.40      5.8721
337.60      5.9234
337.80      5.9752
338.00      6.0274
338.20      6.0798
338.40      6.1323
338.60      6.1848
338.80      6.2371
339.00      6.2891
339.20      6.3406
339.40      6.3917
339.60      6.4421
339.80      6.4919
340.00       6.541
340.20      6.5894
340.40       6.637
340.60      6.6839
340.80      6.7301
341.00      6.7756
341.20      6.8205
341.40      6.8648
341.60      6.9087
341.80      6.9521
342.00      6.9951
342.20      7.0379
342.40      7.0804
342.60      7.1228
342.80      7.1651
343.00      7.2074
343.20      7.2497
343.40       7.292
343.60      7.3345
343.80      7.3772
344.00        7.42
344.20      7.4631
344.40      7.5064
344.60      7.5499
344.80      7.5937
345.00      7.6378
345.20      7.6821
345.40      7.7267
345.60      7.7716
345.80      7.8167
346.00      7.8622
346.20       7.908
346.40      7.9541
346.60      8.0005
346.80      8.0472
347.00      8.0943
347.20      8.1417
347.40      8.1895
347.60      8.2378
347.80      8.2864
348.00      8.3355
348.20      8.3851
348.40      8.4353
348.60      8.4859
348.80      8.5372
349.00      8.5891
349.20      8.6417
349.40       8.695
349.60      8.7491
349.80       8.804
350.00      8.8598
350.20      8.9166
350.40      8.9744
350.60      9.0332
350.80      9.0932
351.00      9.1544
351.20      9.2169
351.40      9.2807
351.60      9.3459
351.80      9.4126
352.00      9.4809
352.20      9.5508
352.40      9.6224
352.60      9.6958
352.80       9.771
353.00      9.8483
353.20      9.9276
353.40      10.009
353.60      10.093
353.80      10.179
354.00      10.268
354.20      10.359
354.40      10.453
354.60       10.55
354.80      10.651
355.00      10.754
355.20      10.861
355.40      10.972
355.60      11.087
355.80      11.205
356.00      11.328
356.20      11.456
356.40      11.589
356.60      11.726
356.80      11.869
357.00      12.018
357.20      12.173
357.40      12.334
357.60      12.502
357.80      12.677
358.00      12.858
358.20      13.048
358.40      13.245
358.60       13.45
358.80      13.663
359.00      13.884
359.20      14.115
359.40      14.353
359.60      14.601
359.80      14.857
360.00      15.122
360.20      15.396
360.40      15.678
360.60      15.969
360.80      16.268
361.00      16.576
361.20       16.89
361.40      17.213
361.60      17.542
361.80      17.877
362.00      18.218
362.20      18.565
362.40      18.916
362.60      19.271
362.80      19.629
363.00       19.99
363.20      20.352
363.40      20.715
363.60      21.078
363.80       21.44
364.00        21.8
364.20      22.159
364.40      22.513
364.60      22.864
364.80       23.21
365.00      23.551
365.20      23.885
365.40      24.213
365.60      24.532
365.80      24.844
366.00      25.148
366.20      25.442
366.40      25.726
366.60      26.001
366.80      26.265
367.00      26.519
367.20      26.763
367.40      26.995
367.60      27.216
367.80      27.427
368.00      27.626
368.20      27.814
368.40      27.991
368.60      28.157
368.80      28.312
369.00      28.456
369.20       28.59
369.40      28.713
369.60      28.826
369.80      28.929
370.00      29.022
370.20      29.105
370.40      29.179
370.60      29.243
370.80      29.298
371.00      29.344
371.20      29.382
371.40      29.411
371.60      29.431
371.80      29.443
372.00      29.447
372.20      29.444
372.40      29.433
372.60      29.415
372.80      29.389
373.00      29.357
373.20      29.318
373.40      29.273
373.60      29.222
373.80      29.165
374.00      29.102
374.20      29.034
374.40       28.96
374.60      28.882
374.80      28.799
375.00      28.712
375.20       28.62
375.40      28.525
375.60      28.425
375.80      28.322
376.00      28.215
376.20      28.105
376.40      27.992
376.60      27.876
376.80      27.757
377.00      27.636
377.20      27.512
377.40      27.386
377.60      27.257
377.80      27.127
378.00      26.995
378.20      26.861
378.40      26.725
378.60      26.588
378.80       26.45
379.00      26.311
379.20       26.17
379.40      26.028
379.60      25.885
379.80      25.741
380.00      25.597
380.20      25.451
380.40      25.305
380.60      25.159
380.80      25.012
381.00      24.864
381.20      24.716
381.40      24.568
381.60       24.42
381.80      24.271
382.00      24.122
382.20      23.974
382.40      23.825
382.60      23.677
382.80      23.529
383.00      23.381
383.20      23.233
383.40      23.086
383.60      22.939
383.80      22.793
384.00      22.647
384.20      22.501
384.40      22.356
384.60      22.212
384.80      22.068
385.00      21.925
385.20      21.783
385.40      21.641
385.60        21.5
385.80      21.359
386.00      21.219
386.20       21.08
386.40      20.941
386.60      20.803
386.80      20.666
387.00       20.53
387.20      20.394
387.40      20.258
387.60      20.124
387.80      19.989
388.00      19.856
388.20      19.723
388.40      19.591
388.60       19.46
388.80       19.33
389.00        19.2
389.20      19.071
389.40      18.942
389.60      18.814
389.80      18.688
390.00      18.561
390.20      18.436
390.40      18.311
390.60      18.187
390.80      18.064
391.00      17.942
391.20       17.82
391.40      17.699
391.60      17.579
391.80      17.459
392.00      17.341
392.20      17.223
392.40      17.106
392.60       16.99
392.80      16.874
393.00       16.76
393.20      16.646
393.40      16.533
393.60       16.42
393.80      16.309
394.00      16.198
394.20      16.088
394.40      15.979
394.60      15.871
394.80      15.763
395.00      15.656
395.20       15.55
395.40      15.445
395.60       15.34
395.80      15.236
396.00      15.133
396.20      15.031
396.40      14.929
396.60      14.828
396.80      14.728
397.00      14.629
397.20       14.53
397.40      14.432
397.60      14.335
397.80      14.239
398.00      14.143
398.20      14.049
398.40      13.955
398.60      13.862
398.80       13.77
399.00      13.678
399.20      13.587
399.40      13.497
399.60      13.408
399.80       13.32
400.00      13.232
400.20      13.145
400.40      13.059
400.60      12.974
400.80       12.89
401.00      12.806
401.20      12.723
401.40      12.641
401.60      12.559
401.80      12.478
402.00      12.398
402.20      12.319
402.40       12.24
402.60      12.162
402.80      12.084
403.00      12.007
403.20      11.931
403.40      11.855
403.60       11.78
403.80      11.706
404.00      11.631
404.20      11.558
404.40      11.485
404.60      11.413
404.80      11.341
405.00      11.269
405.20      11.198
405.40      11.128
405.60      11.058
405.80      10.988
406.00       10.92
406.20      10.851
406.40      10.783
406.60      10.716
406.80      10.649
407.00      10.583
407.20      10.517
407.40      10.452
407.60      10.387
407.80      10.323
408.00      10.259
408.20      10.196
408.40      10.133
408.60      10.071
408.80       10.01
409.00      9.9488
409.20      9.8884
409.40      9.8284
409.60       9.769
409.80      9.7101
410.00      9.6516
410.20      9.5937
410.40      9.5363
410.60      9.4794
410.80       9.423
411.00       9.367
411.20      9.3116
411.40      9.2566
411.60      9.2021
411.80      9.1481
412.00      9.0945
412.20      9.0415
412.40      8.9889
412.60      8.9367
412.80       8.885
413.00      8.8338
413.20       8.783
413.40      8.7326
413.60      8.6826
413.80      8.6331
414.00      8.5839
414.20      8.5351
414.40      8.4866
414.60      8.4385
414.80      8.3906
415.00       8.343
415.20      8.2956
415.40      8.2485
415.60      8.2017
415.80      8.1551
416.00      8.1087
416.20      8.0626
416.40      8.0167
416.60      7.9712
416.80      7.9259
417.00      7.8809
417.20      7.8363
417.40      7.7921
417.60      7.7482
417.80      7.7048
418.00      7.6618
418.20      7.6192
418.40      7.5772
418.60      7.5356
418.80      7.4946
419.00      7.4541
419.20      7.4141
419.40      7.3746
419.60      7.3357
419.80      7.2973
420.00      7.2593
420.20      7.2219
420.40      7.1849
420.60      7.1483
420.80      7.1121
421.00      7.0763
421.20      7.0408
421.40      7.0057
421.60      6.9709
421.80      6.9363
422.00      6.9019
422.20      6.8678
422.40       6.834
422.60      6.8003
422.80      6.7667
423.00      6.7334
423.20      6.7002
423.40      6.6671
423.60      6.6342
423.80      6.6015
424.00      6.5688
424.20      6.5364
424.40      6.5041
424.60       6.472
424.80      6.4401
425.00      6.4083
425.20      6.3767
425.40      6.3453
425.60      6.3141
425.80      6.2831
426.00      6.2523
426.20      6.2218
426.40      6.1914
426.60      6.1613
426.80      6.1314
427.00      6.1017
427.20      6.0722
427.40       6.043
427.60      6.0139
427.80       5.985
428.00      5.9564
428.20      5.9279
428.40      5.8996
428.60      5.8715
428.80      5.8436
429.00       5.816
429.20      5.7885
429.40      5.7613
429.60      5.7343
429.80      5.7075
430.00       5.681
430.20      5.6547
430.40      5.6286
430.60      5.6028
430.80      5.5773
431.00       5.552
431.20      5.5269
431.40       5.502
431.60      5.4774
431.80      5.4531
432.00       5.429
432.20      5.4051
432.40      5.3815
432.60      5.3581
432.80      5.3349
433.00      5.3119
433.20      5.2892
433.40      5.2667
433.60      5.2443
433.80      5.2222
434.00      5.2002
434.20      5.1784
434.40      5.1567
434.60      5.1353
434.80       5.114
435.00      5.0928
435.20      5.0719
435.40      5.0511
435.60      5.0305
435.80      5.0101
436.00      4.9898
436.20      4.9697
436.40      4.9497
436.60      4.9299
436.80      4.9102
437.00      4.8907
437.20      4.8713
437.40       4.852
437.60      4.8328
437.80      4.8138
438.00      4.7949
438.20       4.776
438.40      4.7573
438.60      4.7386
438.80        4.72
439.00      4.7015
439.20       4.683
439.40      4.6646
439.60      4.6462
439.80      4.6279
440.00      4.6097
440.20      4.5916
440.40      4.5735
440.60      4.5555
440.80      4.5375
441.00      4.5197
441.20       4.502
441.40      4.4844
441.60       4.467
441.80      4.4498
442.00      4.4327
442.20      4.4158
442.40      4.3991
442.60      4.3827
442.80      4.3664
443.00      4.3504
443.20      4.3345
443.40      4.3189
443.60      4.3035
443.80      4.2883
444.00      4.2733
444.20      4.2584
444.40      4.2437
444.60      4.2291
444.80      4.2145
445.00         4.2
445.20      4.1856
445.40      4.1712
445.60      4.1569
445.80      4.1425
446.00      4.1281
446.20      4.1138
446.40      4.0994
446.60       4.085
446.80      4.0706
447.00      4.0563
447.20      4.0419
447.40      4.0276
447.60      4.0133
447.80      3.9991
448.00       3.985
448.20      3.9709
448.40       3.957
448.60      3.9431
448.80      3.9294
449.00      3.9159
449.20      3.9025
449.40      3.8893
449.60      3.8762
449.80      3.8634
450.00      3.8508
450.20      3.8383
450.40      3.8261
450.60       3.814
450.80      3.8021
451.00      3.7904
451.20      3.7788
451.40      3.7674
451.60      3.7562
451.80       3.745
452.00       3.734
452.20      3.7232
452.40      3.7124
452.60      3.7017
452.80      3.6912
453.00      3.6807
453.20      3.6703
453.40        3.66
453.60      3.6497
453.80      3.6395
454.00      3.6293
454.20      3.6191
454.40      3.6089
454.60      3.5987
454.80      3.5884
455.00      3.5782
455.20      3.5678
455.40      3.5575
455.60      3.5471
455.80      3.5366
456.00      3.5261
456.20      3.5155
456.40      3.5049
456.60      3.4943
456.80      3.4837
457.00      3.4731
457.20      3.4625
457.40       3.452
457.60      3.4415
457.80       3.431
458.00      3.4205
458.20      3.4101
458.40      3.3998
458.60      3.3895
458.80      3.3792
459.00       3.369
459.20      3.3588
459.40      3.3487
459.60      3.3386
459.80      3.3285
460.00      3.3186
460.20      3.3087
460.40      3.2988
460.60      3.2891
460.80      3.2795
461.00        3.27
461.20      3.2606
461.40      3.2513
461.60      3.2422
461.80      3.2333
462.00      3.2246
462.20       3.216
462.40      3.2076
462.60      3.1994
462.80      3.1914
463.00      3.1835
463.20      3.1758
463.40      3.1683
463.60      3.1609
463.80      3.1536
464.00      3.1465
464.20      3.1395
464.40      3.1326
464.60      3.1258
464.80       3.119
465.00      3.1122
465.20      3.1055
465.40      3.0987
465.60      3.0919
465.80      3.0851
466.00      3.0782
466.20      3.0713
466.40      3.0643
466.60      3.0573
466.80      3.0502
467.00      3.0431
467.20      3.0359
467.40      3.0287
467.60      3.0215
467.80      3.0143
468.00       3.007
468.20      2.9998
468.40      2.9925
468.60      2.9853
468.80      2.9781
469.00      2.9709
469.20      2.9637
469.40      2.9565
469.60      2.9493
469.80      2.9421
470.00       2.935
470.20      2.9278
470.40      2.9207
470.60      2.9135
470.80      2.9064
471.00      2.8993
471.20      2.8922
471.40      2.8852
471.60      2.8781
471.80      2.8712
472.00      2.8642
472.20      2.8574
472.40      2.8506
472.60      2.8438
472.80      2.8372
473.00      2.8306
473.20      2.8241
473.40      2.8177
473.60      2.8114
473.80      2.8052
474.00      2.7991
474.20      2.7931
474.40      2.7871
474.60      2.7813
474.80      2.7755
475.00      2.7698
475.20      2.7642
475.40      2.7587
475.60      2.7532
475.80      2.7478
476.00      2.7425
476.20      2.7373
476.40      2.7321
476.60      2.7269
476.80      2.7218
477.00      2.7168
477.20      2.7118
477.40      2.7069
477.60      2.7019
477.80      2.6971
478.00      2.6923
478.20      2.6875
478.40      2.6827
478.60      2.6779
478.80      2.6732
479.00      2.6684
479.20      2.6637
479.40      2.6589
479.60       2.654
479.80      2.6491
480.00      2.6442
480.20      2.6391
480.40       2.634
480.60      2.6289
480.80      2.6237
481.00      2.6184
481.20      2.6131
481.40      2.6078
481.60      2.6024
481.80      2.5971
482.00      2.5918
482.20      2.5865
482.40      2.5813
482.60      2.5761
482.80       2.571
483.00       2.566
483.20      2.5611
483.40      2.5563
483.60      2.5516
483.80       2.547
484.00      2.5425
484.20       2.538
484.40      2.5337
484.60      2.5294
484.80      2.5252
485.00       2.521
485.20      2.5169
485.40      2.5129
485.60      2.5089
485.80      2.5049
486.00       2.501
486.20      2.4972
486.40      2.4934
486.60      2.4896
486.80      2.4858
487.00       2.482
487.20      2.4783
487.40      2.4745
487.60      2.4708
487.80       2.467
488.00      2.4632
488.20      2.4594
488.40      2.4556
488.60      2.4517
488.80      2.4478
489.00      2.4437
489.20      2.4397
489.40      2.4356
489.60      2.4314
489.80      2.4271
490.00      2.4229
490.20      2.4185
490.40      2.4142
490.60      2.4098
490.80      2.4054
491.00       2.401
491.20      2.3966
491.40      2.3921
491.60      2.3877
491.80      2.3833
492.00      2.3788
492.20      2.3745
492.40      2.3701
492.60      2.3658
492.80      2.3615
493.00      2.3573
493.20      2.3531
493.40       2.349
493.60      2.3448
493.80      2.3407
494.00      2.3366
494.20      2.3326
494.40      2.3285
494.60      2.3244
494.80      2.3203
495.00      2.3162
495.20      2.3121
495.40      2.3079
495.60      2.3038
495.80      2.2996
496.00      2.2955
496.20      2.2913
496.40      2.2872
496.60      2.2831
496.80      2.2791
497.00      2.2751
497.20      2.2712
497.40      2.2673
497.60      2.2636
497.80      2.2599
498.00      2.2563
498.20      2.2529
498.40      2.2495
498.60      2.2463
498.80      2.2432
499.00      2.2401
499.20      2.2371
499.40      2.2342
499.60      2.2313
499.80      2.2285
500.00      2.2256
500.20      2.2227
500.40      2.2198
500.60      2.2168
500.80      2.2137
501.00      2.2105
501.20      2.2071
501.40      2.2037
501.60         2.2
501.80      2.1963
502.00      2.1924
502.20      2.1883
502.40      2.1841
502.60      2.1797
502.80      2.1751
503.00      2.1705
503.20      2.1656
503.40      2.1607
503.60      2.1556
503.80      2.1505
504.00      2.1453
504.20        2.14
504.40      2.1347
504.60      2.1293
504.80      2.1239
505.00      2.1185
505.20       2.113
505.40      2.1076
505.60      2.1021
505.80      2.0967
506.00      2.0912
506.20      2.0858
506.40      2.0804
506.60       2.075
506.80      2.0696
507.00      2.0643
507.20       2.059
507.40      2.0539
507.60      2.0487
507.80      2.0437
508.00      2.0388
508.20       2.034
508.40      2.0293
508.60      2.0247
508.80      2.0202
509.00      2.0159
509.20      2.0116
509.40      2.0075
509.60      2.0034
509.80      1.9994
510.00      1.9955
510.20      1.9917
510.40      1.9879
510.60      1.9841
510.80      1.9804
511.00      1.9766
511.20      1.9729
511.40      1.9691
511.60      1.9652
511.80      1.9612
512.00      1.9572
512.20      1.9531
512.40      1.9488
512.60      1.9445
512.80        1.94
513.00      1.9354
513.20      1.9306
513.40      1.9258
513.60      1.9208
513.80      1.9158
514.00      1.9106
514.20      1.9054
514.40      1.9001
514.60      1.8948
514.80      1.8894
515.00       1.884
515.20      1.8785
515.40       1.873
515.60      1.8674
515.80      1.8618
516.00      1.8562
516.20      1.8505
516.40      1.8447
516.60       1.839
516.80      1.8331
517.00      1.8273
517.20      1.8214
517.40      1.8155
517.60      1.8097
517.80      1.8038
518.00      1.7979
518.20       1.792
518.40      1.7862
518.60      1.7804
518.80      1.7746
519.00      1.7689
519.20      1.7632
519.40      1.7575
519.60      1.7519
519.80      1.7463
520.00      1.7407
520.20      1.7351
520.40      1.7294
520.60      1.7238
520.80      1.7181
521.00      1.7124
521.20      1.7066
521.40      1.7007
521.60      1.6948
521.80      1.6888
522.00      1.6828
522.20      1.6767
522.40      1.6706
522.60      1.6645
522.80      1.6584
523.00      1.6523
523.20      1.6462
523.40      1.6402
523.60      1.6342
523.80      1.6283
524.00      1.6224
524.20      1.6167
524.40      1.6109
524.60      1.6053
524.80      1.5997
525.00      1.5942
525.20      1.5888
525.40      1.5834
525.60      1.5781
525.80      1.5728
526.00      1.5676
526.20      1.5625
526.40      1.5573
526.60      1.5522
526.80      1.5471
527.00       1.542
527.20      1.5369
527.40      1.5318
527.60      1.5268
527.80      1.5216
528.00      1.5165
528.20      1.5114
528.40      1.5062
528.60       1.501
528.80      1.4958
529.00      1.4906
529.20      1.4853
529.40        1.48
529.60      1.4748
529.80      1.4695
530.00      1.4642
530.20       1.459
530.40      1.4537
530.60      1.4485
530.80      1.4433
531.00      1.4381
531.20      1.4328
531.40      1.4276
531.60      1.4224
531.80      1.4172
532.00       1.412
532.20      1.4067
532.40      1.4014
532.60      1.3961
532.80      1.3908
533.00      1.3855
533.20      1.3801
533.40      1.3748
533.60      1.3694
533.80       1.364
534.00      1.3585
534.20      1.3531
534.40      1.3477
534.60      1.3422
534.80      1.3367
535.00      1.3312
535.20      1.3256
535.40        1.32
535.60      1.3144
535.80      1.3088
536.00      1.3031
536.20      1.2974
536.40      1.2917
536.60       1.286
536.80      1.2803
537.00      1.2746
537.20      1.2689
537.40      1.2633
537.60      1.2577
537.80      1.2521
538.00      1.2466
538.20      1.2412
538.40      1.2358
538.60      1.2304
538.80      1.2252
539.00        1.22
539.20      1.2149
539.40      1.2098
539.60      1.2049
539.80         1.2
540.00      1.1953
540.20      1.1906
540.40       1.186
540.60      1.1814
540.80       1.177
541.00      1.1726
541.20      1.1683
541.40      1.1641
541.60        1.16
541.80      1.1559
542.00       1.152
542.20      1.1481
542.40      1.1443
542.60      1.1407
542.80      1.1371
543.00      1.1336
543.20      1.1302
543.40      1.1269
543.60      1.1237
543.80      1.1206
544.00      1.1176
544.20      1.1146
544.40      1.1117
544.60      1.1089
544.80      1.1062
545.00      1.1035
545.20      1.1009
545.40      1.0984
545.60      1.0959
545.80      1.0934
546.00       1.091
546.20      1.0886
546.40      1.0862
546.60      1.0838
546.80      1.0815
547.00      1.0792
547.20      1.0769
547.40      1.0746
547.60      1.0723
547.80        1.07
548.00      1.0677
548.20      1.0654
548.40       1.063
548.60      1.0606
548.80      1.0582
549.00      1.0558
549.20      1.0533
549.40      1.0507
549.60      1.0482
549.80      1.0455
550.00      1.0429
550.20      1.0403
550.40      1.0377
550.60      1.0351
550.80      1.0326
551.00      1.0301
551.20      1.0278
551.40      1.0256
551.60      1.0235
551.80      1.0216
552.00        1.02
552.20      1.0185
552.40      1.0172
552.60      1.0162
552.80      1.0154
553.00      1.0148
553.20      1.0145
553.40      1.0143
553.60      1.0143
553.80      1.0145
554.00      1.0148
554.20      1.0151
554.40      1.0156
554.60       1.016
554.80      1.0165
555.00       1.017
555.20      1.0174
555.40      1.0179
555.60      1.0183
555.80      1.0187
556.00       1.019
556.20      1.0193
556.40      1.0196
556.60      1.0198
556.80        1.02
557.00      1.0202
557.20      1.0203
557.40      1.0204
557.60      1.0205
557.80      1.0205
558.00      1.0205
558.20      1.0205
558.40      1.0204
558.60      1.0203
558.80      1.0201
559.00      1.0199
559.20      1.0197
559.40      1.0194
559.60      1.0191
559.80      1.0187
560.00      1.0182
560.20      1.0177
560.40      1.0172
560.60      1.0166
560.80       1.016
561.00      1.0153
561.20      1.0146
561.40       1.014
561.60      1.0133
561.80      1.0127
562.00      1.0122
562.20      1.0118
562.40      1.0114
562.60      1.0112
562.80      1.0111
563.00      1.0111
563.20      1.0112
563.40      1.0115
563.60      1.0119
563.80      1.0124
564.00      1.0131
564.20       1.014
564.40       1.015
564.60      1.0161
564.80      1.0173
565.00      1.0187
565.20      1.0201
565.40      1.0217
565.60      1.0233
565.80      1.0251
566.00      1.0269
566.20      1.0287
566.40      1.0306
566.60      1.0326
566.80      1.0346
567.00      1.0366
567.20      1.0385
567.40      1.0405
567.60      1.0424
567.80      1.0443
568.00      1.0461
568.20      1.0478
568.40      1.0494
568.60       1.051
568.80      1.0524
569.00      1.0537
569.20       1.055
569.40      1.0561
569.60      1.0571
569.80       1.058
570.00      1.0589
570.20      1.0596
570.40      1.0603
570.60      1.0609
570.80      1.0615
571.00      1.0621
571.20      1.0626
571.40      1.0632
571.60      1.0637
571.80      1.0643
572.00      1.0649
572.20      1.0654
572.40       1.066
572.60      1.0665
572.80       1.067
573.00      1.0674
573.20      1.0678
573.40      1.0682
573.60      1.0685
573.80      1.0687
574.00      1.0689
574.20      1.0691
574.40      1.0692
574.60      1.0694
574.80      1.0694
575.00      1.0695
575.20      1.0696
575.40      1.0696
575.60      1.0697
575.80      1.0698
576.00        1.07
576.20      1.0702
576.40      1.0704
576.60      1.0707
576.80      1.0711
577.00      1.0716
577.20      1.0721
577.40      1.0728
577.60      1.0736
577.80      1.0744
578.00      1.0754
578.20      1.0764
578.40      1.0776
578.60      1.0788
578.80      1.0801
579.00      1.0814
579.20      1.0828
579.40      1.0843
579.60      1.0858
579.80      1.0873
580.00      1.0889
580.20      1.0904
580.40       1.092
580.60      1.0936
580.80      1.0952
581.00      1.0967
581.20      1.0982
581.40      1.0997
581.60      1.1012
581.80      1.1027
582.00      1.1041
582.20      1.1054
582.40      1.1068
582.60       1.108
582.80      1.1093
583.00      1.1104
583.20      1.1115
583.40      1.1126
583.60      1.1136
583.80      1.1146
584.00      1.1155
584.20      1.1163
584.40       1.117
584.60      1.1177
584.80      1.1183
585.00      1.1188
585.20      1.1192
585.40      1.1195
585.60      1.1198
585.80        1.12
586.00      1.1202
586.20      1.1203
586.40      1.1203
586.60      1.1204
586.80      1.1204
587.00      1.1204
587.20      1.1203
587.40      1.1203
587.60      1.1202
587.80      1.1201
588.00        1.12
588.20      1.1199
588.40      1.1199
588.60      1.1198
588.80      1.1197
589.00      1.1197
589.20      1.1197
589.40      1.1197
589.60      1.1197
589.80      1.1198
590.00      1.1199
590.20        1.12
590.40      1.1202
590.60      1.1205
590.80      1.1208
591.00      1.1212
591.20      1.1217
591.40      1.1222
591.60      1.1228
591.80      1.1235
592.00      1.1243
592.20      1.1251
592.40       1.126
592.60       1.127
592.80      1.1279
593.00      1.1289
593.20      1.1298
593.40      1.1307
593.60      1.1315
593.80      1.1323
594.00       1.133
594.20      1.1336
594.40      1.1341
594.60      1.1344
594.80      1.1345
595.00      1.1345
595.20      1.1343
595.40       1.134
595.60      1.1335
595.80      1.1329
596.00      1.1322
596.20      1.1314
596.40      1.1306
596.60      1.1296
596.80      1.1287
597.00      1.1277
597.20      1.1268
597.40      1.1258
597.60      1.1249
597.80      1.1241
598.00      1.1233
598.20      1.1227
598.40      1.1221
598.60      1.1216
598.80      1.1212
599.00      1.1209
599.20      1.1206
599.40      1.1205
599.60      1.1205
599.80      1.1205
600.00      1.1206
600.20      1.1208
600.40       1.121
600.60      1.1213
600.80      1.1217
601.00      1.1221
601.20      1.1225
601.40      1.1229
601.60      1.1233
601.80      1.1238
602.00      1.1242
602.20      1.1245
602.40      1.1247
602.60      1.1249
602.80      1.1249
603.00      1.1249
603.20      1.1247
603.40      1.1245
603.60      1.1241
603.80      1.1237
604.00      1.1233
604.20      1.1228
604.40      1.1222
604.60      1.1217
604.80      1.1211
605.00      1.1204
605.20      1.1197
605.40       1.119
605.60      1.1183
605.80      1.1175
606.00      1.1167
606.20      1.1158
606.40       1.115
606.60      1.1141
606.80      1.1132
607.00      1.1123
607.20      1.1113
607.40      1.1104
607.60      1.1095
607.80      1.1085
608.00      1.1076
608.20      1.1066
608.40      1.1055
608.60      1.1045
608.80      1.1034
609.00      1.1023
609.20      1.1013
609.40      1.1002
609.60      1.0992
609.80      1.0982
610.00      1.0972
610.20      1.0963
610.40      1.0954
610.60      1.0945
610.80      1.0938
611.00      1.0931
611.20      1.0925
611.40       1.092
611.60      1.0916
611.80      1.0912
612.00      1.0909
612.20      1.0906
612.40      1.0904
612.60      1.0902
612.80        1.09
613.00      1.0899
613.20      1.0897
613.40      1.0895
613.60      1.0893
613.80       1.089
614.00      1.0887
614.20      1.0883
614.40      1.0879
614.60      1.0874
614.80      1.0869
615.00      1.0862
615.20      1.0855
615.40      1.0848
615.60      1.0839
615.80      1.0831
616.00      1.0822
616.20      1.0812
616.40      1.0803
616.60      1.0794
616.80      1.0784
617.00      1.0775
617.20      1.0766
617.40      1.0756
617.60      1.0747
617.80      1.0739
618.00       1.073
618.20      1.0721
618.40      1.0712
618.60      1.0703
618.80      1.0694
619.00      1.0683
619.20      1.0672
619.40       1.066
619.60      1.0647
619.80      1.0632
620.00      1.0616
620.20      1.0599
620.40      1.0581
620.60      1.0562
620.80      1.0541
621.00       1.052
621.20      1.0497
621.40      1.0474
621.60       1.045
621.80      1.0425
622.00        1.04
622.20      1.0374
622.40      1.0349
622.60      1.0324
622.80      1.0299
623.00      1.0274
623.20       1.025
623.40      1.0227
623.60      1.0204
623.80      1.0182
624.00      1.0161
624.20      1.0141
624.40      1.0122
624.60      1.0105
624.80      1.0088
625.00      1.0073
625.20      1.0059
625.40      1.0047
625.60      1.0036
625.80      1.0027
626.00      1.0019
626.20      1.0012
626.40      1.0007
626.60      1.0002
626.80      0.9999
627.00     0.99967
627.20     0.99951
627.40     0.99942
627.60     0.99939
627.80      0.9994
628.00     0.99945
628.20     0.99953
628.40     0.99962
628.60     0.99973
628.80     0.99985
629.00     0.99996
629.20      1.0001
629.40      1.0001
629.60      1.0002
629.80      1.0002
630.00      1.0002
630.20      1.0001
630.40           1
630.60     0.99984
630.80     0.99958
631.00     0.99925
631.20     0.99883
631.40     0.99832
631.60     0.99771
631.80     0.99699
632.00     0.99618
632.20     0.99525
632.40     0.99424
632.60     0.99313
632.80     0.99195
633.00     0.99071
633.20     0.98943
633.40      0.9881
633.60     0.98674
633.80     0.98537
634.00       0.984
634.20     0.98265
634.40     0.98134
634.60     0.98007
634.80     0.97887
635.00     0.97774
635.20     0.97669
635.40     0.97576
635.60     0.97494
635.80     0.97426
636.00     0.97372
636.20     0.97333
636.40     0.97309
636.60     0.97299
636.80     0.97302
637.00     0.97319
637.20     0.97348
637.40     0.97386
637.60     0.97433
637.80     0.97486
638.00     0.97544
638.20     0.97605
638.40     0.97668
638.60     0.97733
638.80       0.978
639.00      0.9787
639.20     0.97943
639.40     0.98019
639.60     0.98099
639.80     0.98184
640.00     0.98274
640.20     0.98369
640.40      0.9847
640.60     0.98576
640.80     0.98687
641.00     0.98802
641.20     0.98922
641.40     0.99045
641.60     0.99174
641.80     0.99307
642.00     0.99445
642.20     0.99587
642.40     0.99733
642.60     0.99883
642.80      1.0004
643.00      1.0019
643.20      1.0035
643.40      1.0052
643.60      1.0068
643.80      1.0085
644.00      1.0102
644.20      1.0119
644.40      1.0136
644.60      1.0153
644.80       1.017
645.00      1.0186
645.20      1.0202
645.40      1.0218
645.60      1.0234
645.80      1.0249
646.00      1.0264
646.20      1.0278
646.40      1.0293
646.60      1.0307
646.80      1.0322
647.00      1.0336
647.20      1.0352
647.40      1.0367
647.60      1.0383
647.80        1.04
648.00      1.0417
648.20      1.0434
648.40      1.0453
648.60      1.0472
648.80      1.0492
649.00      1.0513
649.20      1.0534
649.40      1.0556
649.60      1.0579
649.80      1.0602
650.00      1.0626
650.20       1.065
650.40      1.0675
650.60        1.07
650.80      1.0725
651.00      1.0749
651.20      1.0774
651.40      1.0798
651.60      1.0821
651.80      1.0845
652.00      1.0867
652.20      1.0889
652.40       1.091
652.60      1.0931
652.80      1.0951
653.00       1.097
653.20      1.0989
653.40      1.1007
653.60      1.1024
653.80      1.1041
654.00      1.1057
654.20      1.1073
654.40      1.1088
654.60      1.1103
654.80      1.1117
655.00      1.1131
655.20      1.1145
655.40      1.1158
655.60      1.1171
655.80      1.1184
656.00      1.1197
656.20       1.121
656.40      1.1223
656.60      1.1237
656.80      1.1251
657.00      1.1266
657.20      1.1282
657.40      1.1298
657.60      1.1315
657.80      1.1333
658.00      1.1352
658.20      1.1372
658.40      1.1393
658.60      1.1415
658.80      1.1438
659.00      1.1462
659.20      1.1486
659.40       1.151
659.60      1.1535
659.80      1.1559
660.00      1.1584
660.20      1.1608
660.40      1.1632
660.60      1.1654
660.80      1.1676
661.00      1.1697
661.20      1.1717
661.40      1.1735
661.60      1.1751
661.80      1.1766
662.00      1.1779
662.20      1.1791
662.40      1.1801
662.60      1.1809
662.80      1.1816
663.00      1.1821
663.20      1.1824
663.40      1.1826
663.60      1.1826
663.80      1.1825
664.00      1.1823
664.20      1.1819
664.40      1.1815
664.60       1.181
664.80      1.1804
665.00      1.1797
665.20       1.179
665.40      1.1783
665.60      1.1775
665.80      1.1767
666.00       1.176
666.20      1.1752
666.40      1.1745
666.60      1.1739
666.80      1.1733
667.00      1.1727
667.20      1.1722
667.40      1.1717
667.60      1.1713
667.80      1.1708
668.00      1.1704
668.20        1.17
668.40      1.1695
668.60      1.1691
668.80      1.1686
669.00       1.168
669.20      1.1673
669.40      1.1666
669.60      1.1658
669.80       1.165
670.00       1.164
670.20       1.163
670.40      1.1619
670.60      1.1608
670.80      1.1596
671.00      1.1585
671.20      1.1574
671.40      1.1563
671.60      1.1553
671.80      1.1543
672.00      1.1534
672.20      1.1526
672.40      1.1519
672.60      1.1513
672.80      1.1508
673.00      1.1503
673.20        1.15
673.40      1.1497
673.60      1.1495
673.80      1.1494
674.00      1.1493
674.20      1.1493
674.40      1.1494
674.60      1.1495
674.80      1.1497
675.00        1.15
675.20      1.1503
675.40      1.1506
675.60      1.1511
675.80      1.1515
676.00      1.1521
676.20      1.1527
676.40      1.1533
676.60       1.154
676.80      1.1547
677.00      1.1554
677.20      1.1561
677.40      1.1567
677.60      1.1573
677.80      1.1578
678.00      1.1583
678.20      1.1586
678.40      1.1588
678.60      1.1589
678.80      1.1588
679.00      1.1586
679.20      1.1582
679.40      1.1577
679.60       1.157
679.80      1.1562
680.00      1.1552
680.20       1.154
680.40      1.1527
680.60      1.1513
680.80      1.1497
681.00      1.1481
681.20      1.1463
681.40      1.1445
681.60      1.1426
681.80      1.1407
682.00      1.1387
682.20      1.1367
682.40      1.1347
682.60      1.1327
682.80      1.1308
683.00      1.1288
683.20      1.1269
683.40       1.125
683.60      1.1231
683.80      1.1213
684.00      1.1196
684.20      1.1179
684.40      1.1163
684.60      1.1148
684.80      1.1133
685.00      1.1119
685.20      1.1105
685.40      1.1093
685.60      1.1081
685.80      1.1069
686.00      1.1059
686.20      1.1049
686.40       1.104
686.60      1.1032
686.80      1.1025
687.00      1.1019
687.20      1.1014
687.40       1.101
687.60      1.1007
687.80      1.1005
688.00      1.1004
688.20      1.1004
688.40      1.1006
688.60      1.1008
688.80      1.1011
689.00      1.1015
689.20      1.1019
689.40      1.1024
689.60       1.103
689.80      1.1037
690.00      1.1044
690.20      1.1051
690.40      1.1058
690.60      1.1064
690.80       1.107
691.00      1.1076
691.20      1.1082
691.40      1.1086
691.60       1.109
691.80      1.1094
692.00      1.1096
692.20      1.1098
692.40        1.11
692.60      1.1101
692.80      1.1101
693.00        1.11
693.20      1.1099
693.40      1.1097
693.60      1.1095
693.80      1.1092
694.00      1.1089
694.20      1.1084
694.40       1.108
694.60      1.1074
694.80      1.1069
695.00      1.1063
695.20      1.1057
695.40       1.105
695.60      1.1044
695.80      1.1038
696.00      1.1033
696.20      1.1028
696.40      1.1024
696.60       1.102
696.80      1.1016
697.00      1.1013
697.20      1.1011
697.40      1.1009
697.60      1.1007
697.80      1.1005
698.00      1.1004
698.20      1.1002
698.40      1.1001
698.60      1.0999
698.80      1.0997
699.00      1.0995
699.20      1.0992
699.40      1.0989
699.60      1.0985
699.80       1.098
700.00      1.0975
700.20      1.0968
700.40      1.0961
700.60      1.0954
700.80      1.0945
701.00      1.0936
701.20      1.0926
701.40      1.0916
701.60      1.0905
701.80      1.0894
702.00      1.0882
702.20      1.0869
702.40      1.0856
702.60      1.0842
702.80      1.0828
703.00      1.0813
703.20      1.0798
703.40      1.0782
703.60      1.0766
703.80      1.0749
704.00      1.0732
704.20      1.0715
704.40      1.0697
704.60      1.0679
704.80       1.066
705.00       1.064
705.20       1.062
705.40      1.0599
705.60      1.0577
705.80      1.0555
706.00       1.053
706.20      1.0505
706.40      1.0478
706.60       1.045
706.80       1.042
707.00      1.0389
707.20      1.0356
707.40      1.0321
707.60      1.0284
707.80      1.0246
708.00      1.0206
708.20      1.0164
708.40       1.012
708.60      1.0075
708.80      1.0028
709.00     0.99798
709.20     0.99301
709.40     0.98791
709.60     0.98267
709.80      0.9773
710.00     0.97181
710.20     0.96621
710.40     0.96049
710.60     0.95467
710.80     0.94876
711.00     0.94275
711.20     0.93665
711.40     0.93046
711.60      0.9242
711.80     0.91785
712.00     0.91143
712.20     0.90493
712.40     0.89836
712.60     0.89171
712.80     0.88498
713.00     0.87817
713.20     0.87127
713.40      0.8643
713.60     0.85724
713.80     0.85012
714.00     0.84293
714.20     0.83569
714.40     0.82841
714.60      0.8211
714.80     0.81376
715.00     0.80642
715.20     0.79907
715.40     0.79174
715.60     0.78443
715.80     0.77716
716.00     0.76992
716.20     0.76274
716.40     0.75562
716.60     0.74856
716.80     0.74157
717.00     0.73464
717.20     0.72779
717.40       0.721
717.60     0.71428
717.80     0.70762
718.00     0.70102
718.20     0.69446
718.40     0.68795
718.60     0.68148
718.80     0.67503
719.00      0.6686
719.20     0.66219
719.40     0.65578
719.60     0.64938
719.80     0.64298
720.00     0.63659
