 0.20     0.54986
 0.40     0.54996
 0.60     0.55007
 0.80     0.55017
 1.00     0.55028
 1.20     0.55038
 1.40     0.55049
 1.60     0.55059
 1.80      0.5507
 2.00     0.55079
 2.20     0.55089
 2.40     0.55097
 2.60     0.55104
 2.80     0.55109
 3.00     0.55111
 3.20      0.5511
 3.40     0.55106
 3.60     0.55096
 3.80      0.5508
 4.00     0.55056
 4.20     0.55025
 4.40     0.54983
 4.60     0.54931
 4.80     0.54866
 5.00     0.54787
 5.20     0.54694
 5.40     0.54585
 5.60     0.54461
 5.80      0.5432
 6.00     0.54163
 6.20      0.5399
 6.40     0.53802
 6.60     0.53597
 6.80     0.53376
 7.00     0.53141
 7.20     0.52891
 7.40     0.52627
 7.60     0.52352
 7.80     0.52065
 8.00     0.51769
 8.20     0.51465
 8.40     0.51153
 8.60     0.50835
 8.80     0.50511
 9.00     0.50182
 9.20     0.49849
 9.40     0.49511
 9.60     0.49169
 9.80     0.48824
10.00     0.48476
10.20     0.48126
10.40     0.47775
10.60     0.47425
10.80     0.47077
11.00     0.46732
11.20     0.46391
11.40     0.46054
11.60     0.45724
11.80       0.454
12.00     0.45083
12.20     0.44775
12.40     0.44476
12.60     0.44186
12.80     0.43905
13.00     0.43635
13.20     0.43374
13.40     0.43125
13.60     0.42885
13.80     0.42657
14.00      0.4244
14.20     0.42234
14.40     0.42039
14.60     0.41856
14.80     0.41684
15.00     0.41523
15.20     0.41374
15.40     0.41235
15.60     0.41107
15.80     0.40989
16.00     0.40879
16.20     0.40777
16.40     0.40681
16.60     0.40592
16.80     0.40509
17.00     0.40431
17.20     0.40361
17.40     0.40296
17.60     0.40239
17.80     0.40187
18.00      0.4014
18.20     0.40098
18.40     0.40059
18.60     0.40022
18.80     0.39986
19.00     0.39949
19.20     0.39911
19.40      0.3987
19.60     0.39826
19.80     0.39776
20.00     0.39721
20.20      0.3966
20.40     0.39593
20.60     0.39519
20.80     0.39439
21.00     0.39355
21.20     0.39267
21.40     0.39177
21.60     0.39085
21.80     0.38992
22.00       0.389
22.20     0.38808
22.40     0.38717
22.60     0.38629
22.80     0.38544
23.00     0.38463
23.20     0.38389
23.40     0.38322
23.60     0.38261
23.80     0.38207
24.00     0.38158
24.20     0.38116
24.40     0.38078
24.60     0.38045
24.80     0.38014
25.00     0.37985
25.20     0.37958
25.40      0.3793
25.60     0.37902
25.80     0.37871
26.00     0.37838
26.20     0.37802
26.40     0.37761
26.60     0.37717
26.80     0.37669
27.00     0.37616
27.20     0.37561
27.40     0.37503
27.60     0.37443
27.80     0.37385
28.00     0.37329
28.20     0.37275
28.40     0.37226
28.60     0.37181
28.80      0.3714
29.00     0.37104
29.20     0.37073
29.40     0.37046
29.60     0.37023
29.80     0.37003
30.00     0.36987
30.20     0.36973
30.40     0.36963
30.60     0.36954
30.80     0.36948
31.00     0.36943
31.20      0.3694
31.40     0.36938
31.60     0.36938
31.80     0.36939
32.00     0.36941
32.20     0.36945
32.40     0.36951
32.60     0.36959
32.80     0.36969
33.00     0.36982
33.20     0.36997
33.40     0.37016
33.60     0.37038
33.80     0.37065
34.00     0.37096
34.20     0.37131
34.40     0.37171
34.60     0.37216
34.80     0.37266
35.00      0.3732
35.20     0.37377
35.40     0.37437
35.60     0.37499
35.80      0.3756
36.00     0.37619
36.20     0.37677
36.40     0.37731
36.60     0.37782
36.80     0.37831
37.00     0.37877
37.20     0.37921
37.40     0.37964
37.60     0.38007
37.80      0.3805
38.00     0.38094
38.20     0.38139
38.40     0.38187
38.60     0.38238
38.80     0.38292
39.00     0.38349
39.20     0.38409
39.40     0.38471
39.60     0.38535
39.80       0.386
40.00     0.38666
40.20     0.38734
40.40     0.38804
40.60     0.38877
40.80     0.38954
41.00     0.39037
41.20     0.39128
41.40     0.39226
41.60     0.39334
41.80     0.39453
42.00     0.39583
42.20     0.39724
42.40     0.39876
42.60     0.40038
42.80     0.40209
43.00     0.40388
43.20     0.40574
43.40     0.40764
43.60     0.40958
43.80     0.41152
44.00     0.41345
44.20     0.41535
44.40      0.4172
44.60     0.41897
44.80     0.42065
45.00     0.42223
45.20     0.42368
45.40     0.42499
45.60     0.42614
45.80     0.42714
46.00     0.42797
46.20     0.42864
46.40     0.42914
46.60     0.42948
46.80     0.42966
47.00     0.42969
47.20     0.42957
47.40     0.42931
47.60     0.42891
47.80     0.42838
48.00     0.42773
48.20     0.42695
48.40     0.42608
48.60     0.42511
48.80     0.42407
49.00     0.42298
49.20     0.42185
49.40     0.42071
49.60     0.41957
49.80     0.41844
50.00     0.41734
50.20     0.41627
50.40     0.41527
50.60     0.41434
50.80     0.41351
51.00     0.41279
51.20     0.41218
51.40      0.4117
51.60     0.41134
51.80     0.41111
52.00       0.411
52.20     0.41103
52.40     0.41118
52.60     0.41146
52.80     0.41185
53.00     0.41236
53.20     0.41297
53.40     0.41369
53.60     0.41448
53.80     0.41535
54.00     0.41628
54.20     0.41726
54.40     0.41829
54.60     0.41937
54.80     0.42051
55.00      0.4217
55.20     0.42295
55.40     0.42426
55.60     0.42562
55.80     0.42703
56.00     0.42848
56.20     0.42996
56.40     0.43146
56.60     0.43298
56.80     0.43449
57.00       0.436
57.20     0.43748
57.40     0.43893
57.60     0.44032
57.80     0.44166
58.00     0.44294
58.20     0.44413
58.40     0.44524
58.60     0.44623
58.80     0.44711
59.00     0.44785
59.20     0.44845
59.40     0.44891
59.60     0.44922
59.80     0.44939
60.00     0.44941
60.20     0.44927
60.40     0.44899
60.60     0.44855
60.80     0.44797
61.00     0.44725
61.20     0.44639
61.40      0.4454
61.60     0.44429
61.80     0.44307
62.00     0.44178
62.20     0.44043
62.40     0.43903
62.60      0.4376
62.80     0.43616
63.00     0.43473
63.20     0.43334
63.40       0.432
63.60     0.43073
63.80     0.42954
64.00     0.42844
64.20     0.42746
64.40      0.4266
64.60     0.42588
64.80     0.42531
65.00      0.4249
65.20     0.42465
65.40     0.42456
65.60      0.4246
65.80     0.42478
66.00     0.42506
66.20     0.42543
66.40     0.42586
66.60     0.42632
66.80      0.4268
67.00     0.42728
67.20     0.42775
67.40     0.42819
67.60     0.42859
67.80     0.42896
68.00     0.42928
68.20     0.42956
68.40     0.42978
68.60     0.42995
68.80     0.43006
69.00     0.43011
69.20      0.4301
69.40     0.43003
69.60     0.42989
69.80     0.42968
70.00      0.4294
70.20     0.42905
70.40     0.42861
70.60     0.42811
70.80     0.42752
71.00     0.42687
71.20     0.42614
71.40     0.42536
71.60     0.42453
71.80     0.42366
72.00     0.42278
72.20     0.42188
72.40     0.42098
72.60     0.42008
72.80     0.41918
73.00     0.41828
73.20     0.41739
73.40     0.41652
73.60     0.41566
73.80     0.41484
74.00     0.41407
74.20     0.41335
74.40      0.4127
74.60     0.41212
74.80     0.41161
75.00     0.41116
75.20     0.41078
75.40     0.41047
75.60     0.41021
75.80        0.41
76.00     0.40984
76.20     0.40971
76.40     0.40963
76.60     0.40957
76.80     0.40953
77.00     0.40952
77.20     0.40953
77.40     0.40954
77.60     0.40957
77.80     0.40961
78.00     0.40965
78.20      0.4097
78.40     0.40975
78.60      0.4098
78.80     0.40985
79.00      0.4099
79.20     0.40996
79.40     0.41001
79.60     0.41007
79.80     0.41012
80.00     0.41017
80.20     0.41023
80.40     0.41028
80.60     0.41033
80.80     0.41037
81.00     0.41041
81.20     0.41044
81.40     0.41047
81.60     0.41048
81.80     0.41048
82.00     0.41046
82.20     0.41041
82.40     0.41034
82.60     0.41024
82.80      0.4101
83.00     0.40992
83.20     0.40969
83.40      0.4094
83.60     0.40906
83.80     0.40865
84.00     0.40818
84.20     0.40763
84.40     0.40702
84.60     0.40634
84.80     0.40559
85.00     0.40479
85.20     0.40395
85.40     0.40308
85.60      0.4022
85.80     0.40132
86.00     0.40045
86.20      0.3996
86.40     0.39878
86.60     0.39798
86.80     0.39723
87.00     0.39653
87.20     0.39589
87.40     0.39534
87.60     0.39488
87.80     0.39455
88.00     0.39434
88.20     0.39427
88.40     0.39434
88.60     0.39454
88.80     0.39487
89.00     0.39532
89.20     0.39586
89.40     0.39649
89.60     0.39717
89.80     0.39788
90.00      0.3986
90.20     0.39931
90.40     0.39999
90.60     0.40062
90.80     0.40119
91.00     0.40169
91.20     0.40209
91.40     0.40238
91.60     0.40257
91.80     0.40265
92.00     0.40264
92.20     0.40257
92.40     0.40243
92.60     0.40226
92.80     0.40206
93.00     0.40185
93.20     0.40162
93.40      0.4014
93.60     0.40118
93.80     0.40096
94.00     0.40075
94.20     0.40056
94.40     0.40037
94.60     0.40019
94.80     0.40002
95.00     0.39986
95.20     0.39971
95.40     0.39957
95.60     0.39943
95.80     0.39931
96.00     0.39919
96.20     0.39908
96.40     0.39898
96.60     0.39889
96.80     0.39883
97.00     0.39879
97.20     0.39878
97.40     0.39881
97.60     0.39887
97.80     0.39896
98.00     0.39907
98.20     0.39919
98.40     0.39931
98.60     0.39943
98.80     0.39954
99.00     0.39965
99.20     0.39973
99.40     0.39979
99.60     0.39983
99.80     0.39984
100.00     0.39982
100.20     0.39977
100.40     0.39967
100.60     0.39954
100.80     0.39937
101.00     0.39915
101.20     0.39888
101.40     0.39857
101.60     0.39821
101.80     0.39781
102.00     0.39737
102.20     0.39689
102.40      0.3964
102.60     0.39589
102.80     0.39538
103.00     0.39489
103.20     0.39445
103.40     0.39407
103.60     0.39378
103.80     0.39357
104.00     0.39346
104.20     0.39345
104.40     0.39354
104.60     0.39373
104.80     0.39401
105.00     0.39436
105.20     0.39478
105.40     0.39525
105.60     0.39573
105.80     0.39622
106.00      0.3967
106.20     0.39715
106.40     0.39757
106.60     0.39796
106.80     0.39831
107.00     0.39862
107.20     0.39888
107.40     0.39912
107.60     0.39932
107.80     0.39949
108.00     0.39964
108.20     0.39977
108.40      0.3999
108.60     0.40001
108.80     0.40013
109.00     0.40026
109.20      0.4004
109.40     0.40056
109.60     0.40075
109.80     0.40097
110.00     0.40122
110.20     0.40152
110.40     0.40185
110.60     0.40222
110.80     0.40264
111.00     0.40309
111.20     0.40357
111.40     0.40407
111.60     0.40458
111.80     0.40508
112.00     0.40555
112.20     0.40596
112.40     0.40629
112.60     0.40653
112.80     0.40666
113.00     0.40667
113.20     0.40655
113.40     0.40629
113.60     0.40591
113.80     0.40539
114.00     0.40475
114.20       0.404
114.40     0.40315
114.60     0.40223
114.80     0.40126
115.00     0.40025
115.20     0.39922
115.40     0.39819
115.60     0.39718
115.80      0.3962
116.00     0.39527
116.20     0.39441
116.40     0.39363
116.60     0.39293
116.80     0.39232
117.00      0.3918
117.20     0.39135
117.40     0.39099
117.60      0.3907
117.80     0.39047
118.00     0.39029
118.20     0.39017
118.40     0.39008
118.60     0.39002
118.80     0.38998
119.00     0.38996
119.20     0.38993
119.40      0.3899
119.60     0.38985
119.80     0.38977
120.00     0.38966
120.20     0.38951
120.40     0.38931
120.60     0.38905
120.80     0.38873
121.00     0.38833
121.20     0.38786
121.40      0.3873
121.60     0.38667
121.80     0.38596
122.00     0.38518
122.20     0.38433
122.40     0.38343
122.60      0.3825
122.80     0.38156
123.00     0.38061
123.20     0.37967
123.40     0.37876
123.60     0.37788
123.80     0.37705
124.00     0.37628
124.20     0.37559
124.40       0.375
124.60     0.37453
124.80     0.37419
125.00     0.37398
125.20     0.37391
125.40     0.37398
125.60     0.37418
125.80      0.3745
126.00     0.37492
126.20     0.37544
126.40     0.37603
126.60     0.37667
126.80     0.37734
127.00     0.37804
127.20     0.37875
127.40     0.37948
127.60      0.3802
127.80     0.38093
128.00     0.38165
128.20     0.38236
128.40     0.38305
128.60     0.38371
128.80     0.38432
129.00     0.38488
129.20     0.38536
129.40     0.38575
129.60     0.38603
129.80     0.38619
130.00     0.38625
130.20     0.38618
130.40     0.38601
130.60     0.38573
130.80     0.38537
131.00     0.38493
131.20     0.38445
131.40     0.38393
131.60     0.38341
131.80     0.38291
132.00     0.38244
132.20       0.382
132.40     0.38162
132.60     0.38129
132.80     0.38102
133.00     0.38083
133.20      0.3807
133.40     0.38064
133.60     0.38066
133.80     0.38076
134.00     0.38093
134.20     0.38118
134.40     0.38151
134.60      0.3819
134.80     0.38237
135.00     0.38289
135.20     0.38347
135.40      0.3841
135.60     0.38475
135.80     0.38541
136.00     0.38607
136.20     0.38668
136.40     0.38726
136.60     0.38777
136.80     0.38822
137.00      0.3886
137.20     0.38889
137.40     0.38911
137.60     0.38924
137.80     0.38929
138.00     0.38925
138.20     0.38912
138.40     0.38891
138.60     0.38862
138.80     0.38824
139.00     0.38779
139.20     0.38727
139.40     0.38668
139.60     0.38605
139.80     0.38538
140.00     0.38469
140.20       0.384
140.40     0.38333
140.60      0.3827
140.80     0.38211
141.00     0.38158
141.20      0.3811
141.40      0.3807
141.60     0.38036
141.80     0.38009
142.00     0.37989
142.20     0.37977
142.40     0.37972
142.60     0.37976
142.80     0.37987
143.00     0.38007
143.20     0.38036
143.40     0.38074
143.60     0.38122
143.80     0.38179
144.00     0.38246
144.20     0.38322
144.40     0.38408
144.60     0.38501
144.80     0.38603
145.00      0.3871
145.20     0.38822
145.40     0.38937
145.60     0.39056
145.80     0.39177
146.00       0.393
146.20     0.39424
146.40     0.39547
146.60     0.39668
146.80     0.39786
147.00       0.399
147.20      0.4001
147.40     0.40114
147.60     0.40213
147.80     0.40305
148.00      0.4039
148.20     0.40467
148.40     0.40534
148.60     0.40589
148.80     0.40631
149.00     0.40658
149.20      0.4067
149.40     0.40666
149.60     0.40646
149.80     0.40611
150.00     0.40561
150.20     0.40497
150.40      0.4042
150.60     0.40333
150.80     0.40237
151.00     0.40136
151.20      0.4003
151.40     0.39922
151.60     0.39814
151.80     0.39706
152.00     0.39603
152.20     0.39505
152.40     0.39414
152.60     0.39331
152.80     0.39259
153.00     0.39196
153.20     0.39143
153.40       0.391
153.60     0.39067
153.80     0.39044
154.00     0.39031
154.20     0.39026
154.40     0.39031
154.60     0.39044
154.80     0.39065
155.00     0.39093
155.20     0.39128
155.40      0.3917
155.60     0.39217
155.80     0.39269
156.00     0.39325
156.20     0.39382
156.40      0.3944
156.60     0.39496
156.80     0.39548
157.00     0.39593
157.20     0.39631
157.40      0.3966
157.60     0.39679
157.80     0.39687
158.00     0.39685
158.20     0.39672
158.40      0.3965
158.60     0.39618
158.80     0.39579
159.00     0.39533
159.20     0.39482
159.40      0.3943
159.60     0.39377
159.80     0.39325
160.00     0.39275
160.20     0.39229
160.40     0.39187
160.60     0.39148
160.80     0.39114
161.00     0.39084
161.20     0.39057
161.40     0.39035
161.60     0.39016
161.80        0.39
162.00     0.38986
162.20     0.38975
162.40     0.38967
162.60      0.3896
162.80     0.38954
163.00      0.3895
163.20     0.38947
163.40     0.38945
163.60     0.38943
163.80     0.38943
164.00     0.38944
164.20     0.38945
164.40     0.38948
164.60     0.38951
164.80     0.38957
165.00     0.38964
165.20     0.38974
165.40     0.38986
165.60     0.39001
165.80     0.39019
166.00     0.39041
166.20     0.39068
166.40     0.39099
166.60     0.39135
166.80     0.39176
167.00     0.39222
167.20     0.39272
167.40     0.39328
167.60     0.39388
167.80      0.3945
168.00     0.39514
168.20     0.39579
168.40     0.39642
168.60     0.39703
168.80     0.39761
169.00     0.39816
169.20     0.39869
169.40     0.39919
169.60     0.39966
169.80     0.40012
170.00     0.40056
170.20     0.40099
170.40     0.40142
170.60     0.40184
170.80     0.40225
171.00     0.40267
171.20     0.40308
171.40     0.40348
171.60     0.40386
171.80     0.40421
172.00     0.40451
172.20     0.40475
172.40      0.4049
172.60     0.40497
172.80     0.40494
173.00     0.40482
173.20     0.40462
173.40     0.40434
173.60       0.404
173.80     0.40362
174.00     0.40323
174.20     0.40283
174.40     0.40243
174.60     0.40205
174.80     0.40169
175.00     0.40136
175.20     0.40106
175.40     0.40078
175.60     0.40054
175.80     0.40032
176.00     0.40013
176.20     0.39996
176.40     0.39982
176.60      0.3997
176.80      0.3996
177.00     0.39952
177.20     0.39946
177.40     0.39941
177.60     0.39938
177.80     0.39937
178.00     0.39938
178.20     0.39941
178.40     0.39947
178.60     0.39955
178.80     0.39966
179.00     0.39981
179.20         0.4
179.40     0.40023
179.60     0.40051
179.80     0.40085
180.00     0.40124
180.20     0.40169
180.40     0.40221
180.60     0.40278
180.80     0.40342
181.00     0.40411
181.20     0.40484
181.40     0.40561
181.60      0.4064
181.80     0.40719
182.00     0.40798
182.20     0.40876
182.40     0.40952
182.60     0.41027
182.80     0.41099
183.00     0.41169
183.20     0.41236
183.40       0.413
183.60     0.41359
183.80     0.41413
184.00      0.4146
184.20     0.41499
184.40     0.41528
184.60     0.41546
184.80     0.41553
185.00     0.41549
185.20     0.41534
185.40      0.4151
185.60     0.41479
185.80     0.41441
186.00     0.41399
186.20     0.41356
186.40     0.41313
186.60     0.41271
186.80     0.41231
187.00     0.41195
187.20     0.41161
187.40     0.41132
187.60     0.41106
187.80     0.41084
188.00     0.41065
188.20      0.4105
188.40     0.41038
188.60     0.41029
188.80     0.41022
189.00     0.41017
189.20     0.41014
189.40     0.41012
189.60     0.41011
189.80      0.4101
190.00     0.41009
190.20     0.41007
190.40     0.41004
190.60        0.41
190.80     0.40993
191.00     0.40983
191.20      0.4097
191.40     0.40954
191.60     0.40933
191.80     0.40908
192.00     0.40878
192.20     0.40843
192.40     0.40802
192.60     0.40757
192.80     0.40706
193.00     0.40652
193.20     0.40593
193.40     0.40532
193.60      0.4047
193.80     0.40408
194.00     0.40349
194.20     0.40294
194.40     0.40242
194.60     0.40196
194.80     0.40154
195.00     0.40118
195.20     0.40086
195.40     0.40059
195.60     0.40036
195.80     0.40017
196.00     0.40002
196.20      0.3999
196.40      0.3998
196.60     0.39973
196.80     0.39968
197.00     0.39964
197.20     0.39961
197.40     0.39959
197.60     0.39957
197.80     0.39956
198.00     0.39955
198.20     0.39953
198.40     0.39952
198.60      0.3995
198.80     0.39949
199.00     0.39947
199.20     0.39945
199.40     0.39943
199.60     0.39941
199.80      0.3994
200.00     0.39939
200.20      0.3994
200.40     0.39943
200.60     0.39948
200.80     0.39955
201.00     0.39966
201.20     0.39981
201.40     0.40001
201.60     0.40026
201.80     0.40057
202.00     0.40095
202.20      0.4014
202.40     0.40194
202.60     0.40255
202.80     0.40325
203.00     0.40404
203.20      0.4049
203.40     0.40584
203.60     0.40683
203.80     0.40787
204.00     0.40894
204.20     0.41001
204.40     0.41109
204.60     0.41215
204.80     0.41319
205.00     0.41419
205.20     0.41512
205.40     0.41599
205.60     0.41678
205.80     0.41748
206.00     0.41809
206.20     0.41863
206.40     0.41908
206.60     0.41945
206.80     0.41976
207.00     0.42001
207.20      0.4202
207.40     0.42034
207.60     0.42043
207.80     0.42049
208.00     0.42052
208.20     0.42052
208.40      0.4205
208.60     0.42047
208.80     0.42042
209.00     0.42036
209.20     0.42029
209.40     0.42022
209.60     0.42015
209.80     0.42007
210.00        0.42
210.20     0.41993
210.40     0.41986
210.60      0.4198
210.80     0.41975
211.00     0.41971
211.20     0.41969
211.40     0.41967
211.60     0.41968
211.80     0.41971
212.00     0.41976
212.20     0.41985
212.40     0.41996
212.60     0.42012
212.80     0.42032
213.00     0.42056
213.20     0.42086
213.40      0.4212
213.60     0.42161
213.80     0.42207
214.00     0.42259
214.20     0.42316
214.40     0.42378
214.60     0.42444
214.80     0.42513
215.00     0.42584
215.20     0.42655
215.40     0.42725
215.60     0.42795
215.80     0.42863
216.00      0.4293
216.20     0.42997
216.40     0.43063
216.60      0.4313
216.80     0.43196
217.00     0.43262
217.20     0.43329
217.40     0.43395
217.60      0.4346
217.80     0.43523
218.00     0.43584
218.20     0.43643
218.40     0.43699
218.60     0.43754
218.80     0.43808
219.00     0.43863
219.20      0.4392
219.40     0.43981
219.60     0.44047
219.80     0.44118
220.00     0.44194
220.20     0.44277
220.40     0.44367
220.60     0.44463
220.80     0.44566
221.00     0.44674
221.20     0.44787
221.40     0.44901
221.60     0.45017
221.80     0.45131
222.00     0.45242
222.20     0.45348
222.40     0.45448
222.60      0.4554
222.80     0.45622
223.00     0.45695
223.20     0.45758
223.40     0.45811
223.60     0.45856
223.80     0.45893
224.00     0.45922
224.20     0.45945
224.40     0.45962
224.60     0.45975
224.80     0.45985
225.00     0.45992
225.20     0.45999
225.40     0.46006
225.60     0.46014
225.80     0.46024
226.00     0.46038
226.20     0.46057
226.40     0.46082
226.60     0.46113
226.80     0.46152
227.00     0.46199
227.20     0.46256
227.40     0.46323
227.60     0.46399
227.80     0.46485
228.00      0.4658
228.20     0.46684
228.40     0.46794
228.60      0.4691
228.80      0.4703
229.00     0.47153
229.20     0.47279
229.40     0.47407
229.60     0.47534
229.80     0.47661
230.00     0.47786
230.20      0.4791
230.40     0.48033
230.60     0.48155
230.80     0.48277
231.00     0.48398
231.20     0.48518
231.40     0.48637
231.60     0.48755
231.80     0.48871
232.00     0.48987
232.20     0.49104
232.40      0.4922
232.60     0.49338
232.80     0.49458
233.00     0.49579
233.20     0.49701
233.40     0.49823
233.60     0.49945
233.80     0.50065
234.00     0.50184
234.20       0.503
234.40     0.50413
234.60     0.50521
234.80     0.50624
235.00      0.5072
235.20     0.50809
235.40     0.50891
235.60     0.50964
235.80      0.5103
236.00     0.51088
236.20     0.51138
236.40      0.5118
236.60     0.51215
236.80     0.51244
237.00     0.51269
237.20     0.51294
237.40     0.51318
237.60     0.51345
237.80     0.51375
238.00     0.51409
238.20     0.51448
238.40     0.51491
238.60     0.51538
238.80     0.51589
239.00     0.51642
239.20     0.51696
239.40     0.51751
239.60     0.51806
239.80     0.51861
240.00     0.51916
240.20     0.51972
240.40     0.52029
240.60     0.52087
240.80     0.52146
241.00     0.52207
241.20      0.5227
241.40     0.52335
241.60     0.52401
241.80     0.52468
242.00     0.52535
242.20       0.526
242.40     0.52665
242.60     0.52729
242.80     0.52793
243.00     0.52858
243.20     0.52925
243.40     0.52995
243.60     0.53069
243.80      0.5315
244.00     0.53237
244.20     0.53332
244.40     0.53437
244.60     0.53551
244.80     0.53674
245.00     0.53807
245.20     0.53949
245.40       0.541
245.60      0.5426
245.80      0.5443
246.00     0.54609
246.20     0.54796
246.40      0.5499
246.60     0.55191
246.80     0.55396
247.00     0.55605
247.20     0.55816
247.40     0.56029
247.60      0.5624
247.80     0.56451
248.00     0.56659
248.20     0.56864
248.40     0.57065
248.60     0.57261
248.80     0.57453
249.00      0.5764
249.20     0.57822
249.40     0.57999
249.60     0.58171
249.80     0.58338
250.00     0.58502
250.20     0.58663
250.40     0.58819
250.60     0.58973
250.80     0.59125
251.00     0.59277
251.20     0.59428
251.40      0.5958
251.60     0.59733
251.80     0.59887
252.00     0.60044
252.20     0.60204
252.40     0.60367
252.60     0.60536
252.80     0.60709
253.00     0.60887
253.20     0.61071
253.40     0.61259
253.60     0.61453
253.80     0.61652
254.00     0.61855
254.20     0.62062
254.40     0.62271
254.60     0.62481
254.80     0.62691
255.00     0.62899
255.20     0.63103
255.40     0.63301
255.60     0.63493
255.80     0.63676
256.00     0.63848
256.20      0.6401
256.40     0.64159
256.60     0.64295
256.80     0.64418
257.00     0.64525
257.20     0.64619
257.40     0.64698
257.60     0.64766
257.80     0.64822
258.00     0.64868
258.20     0.64907
258.40     0.64939
258.60     0.64968
258.80     0.64995
259.00     0.65021
259.20     0.65051
259.40     0.65084
259.60     0.65124
259.80     0.65172
260.00     0.65231
260.20     0.65301
260.40     0.65384
260.60     0.65481
260.80     0.65594
261.00     0.65721
261.20     0.65864
261.40     0.66022
261.60     0.66194
261.80     0.66382
262.00     0.66584
262.20     0.66801
262.40     0.67031
262.60     0.67273
262.80     0.67526
263.00      0.6779
263.20     0.68062
263.40     0.68341
263.60     0.68625
263.80     0.68912
264.00     0.69201
264.20     0.69491
264.40     0.69779
264.60     0.70065
264.80     0.70347
265.00     0.70625
265.20     0.70896
265.40     0.71162
265.60     0.71419
265.80     0.71668
266.00     0.71907
266.20     0.72138
266.40     0.72359
266.60      0.7257
266.80     0.72773
267.00     0.72967
267.20     0.73155
267.40     0.73337
267.60     0.73513
267.80     0.73686
268.00     0.73856
268.20     0.74024
268.40     0.74193
268.60     0.74363
268.80     0.74536
269.00     0.74713
269.20     0.74894
269.40     0.75082
269.60     0.75275
269.80     0.75476
270.00     0.75684
270.20       0.759
270.40     0.76124
270.60     0.76356
270.80     0.76597
271.00     0.76848
271.20     0.77106
271.40     0.77373
271.60     0.77646
271.80     0.77927
272.00     0.78213
272.20     0.78504
272.40       0.788
272.60       0.791
272.80     0.79405
273.00     0.79714
273.20     0.80027
273.40     0.80343
273.60     0.80663
273.80     0.80985
274.00      0.8131
274.20     0.81636
274.40     0.81965
274.60     0.82294
274.80     0.82625
275.00     0.82957
275.20     0.83289
275.40     0.83622
275.60     0.83955
275.80     0.84289
276.00     0.84623
276.20     0.84957
276.40     0.85292
276.60     0.85627
276.80     0.85963
277.00     0.86299
277.20     0.86637
277.40     0.86977
277.60     0.87317
277.80      0.8766
278.00     0.88006
278.20     0.88354
278.40     0.88705
278.60     0.89059
278.80     0.89417
279.00     0.89778
279.20     0.90144
279.40     0.90513
279.60     0.90887
279.80     0.91264
280.00     0.91644
280.20     0.92026
280.40      0.9241
280.60     0.92796
280.80     0.93183
281.00     0.93571
281.20     0.93958
281.40     0.94344
281.60      0.9473
281.80     0.95114
282.00     0.95496
282.20     0.95876
282.40     0.96254
282.60      0.9663
282.80     0.97004
283.00     0.97375
283.20     0.97746
283.40     0.98114
283.60     0.98482
283.80     0.98848
284.00     0.99213
284.20     0.99578
284.40     0.99943
284.60      1.0031
284.80      1.0068
285.00      1.0105
285.20      1.0143
285.40      1.0181
285.60       1.022
285.80      1.0259
286.00      1.0299
286.20       1.034
286.40      1.0381
286.60      1.0424
286.80      1.0467
287.00      1.0512
287.20      1.0558
287.40      1.0604
287.60      1.0653
287.80      1.0702
288.00      1.0753
288.20      1.0806
288.40       1.086
288.60      1.0916
288.80      1.0973
289.00      1.1031
289.20      1.1091
289.40      1.1152
289.60      1.1214
289.80      1.1277
290.00      1.1341
290.20      1.1406
290.40      1.1472
290.60      1.1537
290.80      1.1604
291.00       1.167
291.20      1.1736
291.40      1.1802
291.60      1.1868
291.80      1.1933
292.00      1.1997
292.20       1.206
292.40      1.2123
292.60      1.2184
292.80      1.2243
293.00      1.2301
293.20      1.2358
293.40      1.2412
293.60      1.2465
293.80      1.2516
294.00      1.2565
294.20      1.2613
294.40      1.2659
294.60      1.2705
294.80      1.2749
295.00      1.2792
295.20      1.2835
295.40      1.2878
295.60      1.2921
295.80      1.2964
296.00      1.3008
296.20      1.3052
296.40      1.3097
296.60      1.3143
296.80       1.319
297.00      1.3238
297.20      1.3287
297.40      1.3338
297.60       1.339
297.80      1.3443
298.00      1.3498
298.20      1.3554
298.40      1.3611
298.60       1.367
298.80       1.373
299.00      1.3791
299.20      1.3854
299.40      1.3919
299.60      1.3985
299.80      1.4052
300.00      1.4121
300.20      1.4192
300.40      1.4263
300.60      1.4336
300.80       1.441
301.00      1.4485
301.20      1.4561
301.40      1.4638
301.60      1.4715
301.80      1.4793
302.00      1.4872
302.20      1.4952
302.40      1.5032
302.60      1.5112
302.80      1.5193
303.00      1.5274
303.20      1.5356
303.40      1.5437
303.60       1.552
303.80      1.5602
304.00      1.5684
304.20      1.5767
304.40       1.585
304.60      1.5933
304.80      1.6017
305.00        1.61
305.20      1.6184
305.40      1.6268
305.60      1.6353
305.80      1.6438
306.00      1.6523
306.20      1.6609
306.40      1.6695
306.60      1.6782
306.80       1.687
307.00      1.6958
307.20      1.7047
307.40      1.7137
307.60      1.7228
307.80       1.732
308.00      1.7414
308.20      1.7509
308.40      1.7606
308.60      1.7704
308.80      1.7804
309.00      1.7906
309.20      1.8009
309.40      1.8114
309.60      1.8222
309.80      1.8331
310.00      1.8442
310.20      1.8555
310.40       1.867
310.60      1.8786
310.80      1.8905
311.00      1.9024
311.20      1.9145
311.40      1.9266
311.60      1.9389
311.80      1.9512
312.00      1.9636
312.20      1.9761
312.40      1.9886
312.60      2.0011
312.80      2.0137
313.00      2.0263
313.20       2.039
313.40      2.0517
313.60      2.0645
313.80      2.0774
314.00      2.0904
314.20      2.1035
314.40      2.1167
314.60      2.1301
314.80      2.1435
315.00      2.1572
315.20       2.171
315.40      2.1849
315.60       2.199
315.80      2.2132
316.00      2.2277
316.20      2.2422
316.40      2.2569
316.60      2.2718
316.80      2.2868
317.00       2.302
317.20      2.3173
317.40      2.3328
317.60      2.3484
317.80      2.3642
318.00      2.3802
318.20      2.3962
318.40      2.4125
318.60      2.4288
318.80      2.4454
319.00       2.462
319.20      2.4788
319.40      2.4958
319.60      2.5129
319.80      2.5302
320.00      2.5476
320.20      2.5652
320.40       2.583
320.60      2.6009
320.80       2.619
321.00      2.6373
321.20      2.6558
321.40      2.6744
321.60      2.6932
321.80      2.7121
322.00      2.7313
322.20      2.7506
322.40        2.77
322.60      2.7897
322.80      2.8094
323.00      2.8293
323.20      2.8494
323.40      2.8696
323.60      2.8899
323.80      2.9103
324.00      2.9308
324.20      2.9515
324.40      2.9723
324.60      2.9931
324.80      3.0141
325.00      3.0352
325.20      3.0563
325.40      3.0775
325.60      3.0988
325.80      3.1202
326.00      3.1416
326.20      3.1632
326.40      3.1849
326.60      3.2066
326.80      3.2285
327.00      3.2506
327.20      3.2728
327.40      3.2952
327.60      3.3178
327.80      3.3407
328.00      3.3639
328.20      3.3874
328.40      3.4112
328.60      3.4355
328.80      3.4602
329.00      3.4854
329.20      3.5111
329.40      3.5374
329.60      3.5643
329.80       3.592
330.00      3.6203
330.20      3.6495
330.40      3.6795
330.60      3.7103
330.80       3.742
331.00      3.7747
331.20      3.8082
331.40      3.8426
331.60      3.8779
331.80      3.9141
332.00      3.9511
332.20      3.9888
332.40      4.0271
332.60       4.066
332.80      4.1054
333.00      4.1451
333.20       4.185
333.40      4.2251
333.60      4.2651
333.80      4.3049
334.00      4.3445
334.20      4.3837
334.40      4.4225
334.60      4.4609
334.80      4.4986
335.00      4.5358
335.20      4.5724
335.40      4.6084
335.60      4.6439
335.80      4.6789
336.00      4.7134
336.20      4.7475
336.40      4.7812
336.60      4.8147
336.80      4.8481
337.00      4.8813
337.20      4.9144
337.40      4.9476
337.60      4.9808
337.80      5.0142
338.00      5.0477
338.20      5.0815
338.40      5.1155
338.60      5.1498
338.80      5.1844
339.00      5.2193
339.20      5.2544
339.40      5.2899
339.60      5.3256
339.80      5.3616
340.00      5.3978
340.20      5.4342
340.40      5.4708
340.60      5.5075
340.80      5.5444
341.00      5.5813
341.20      5.6182
341.40      5.6552
341.60      5.6922
341.80      5.7292
342.00      5.7662
342.20      5.8031
342.40      5.8399
342.60      5.8766
342.80      5.9133
343.00      5.9498
343.20      5.9863
343.40      6.0227
343.60      6.0589
343.80      6.0951
344.00      6.1312
344.20      6.1673
344.40      6.2032
344.60      6.2391
344.80       6.275
345.00      6.3108
345.20      6.3467
345.40      6.3825
345.60      6.4184
345.80      6.4544
346.00      6.4904
346.20      6.5266
346.40      6.5629
346.60      6.5994
346.80       6.636
347.00       6.673
347.20      6.7101
347.40      6.7476
347.60      6.7854
347.80      6.8235
348.00      6.8619
348.20      6.9006
348.40      6.9397
348.60      6.9791
348.80      7.0188
349.00      7.0589
349.20      7.0993
349.40        7.14
349.60      7.1811
349.80      7.2226
350.00      7.2645
350.20      7.3067
350.40      7.3493
350.60      7.3924
350.80      7.4359
351.00      7.4798
351.20      7.5243
351.40      7.5693
351.60      7.6149
351.80      7.6611
352.00      7.7079
352.20      7.7555
352.40      7.8038
352.60      7.8529
352.80      7.9029
353.00      7.9538
353.20      8.0057
353.40      8.0585
353.60      8.1123
353.80      8.1671
354.00      8.2231
354.20      8.2801
354.40      8.3383
354.60      8.3976
354.80      8.4582
355.00        8.52
355.20      8.5831
355.40      8.6474
355.60      8.7132
355.80      8.7803
356.00      8.8488
356.20      8.9188
356.40      8.9903
356.60      9.0632
356.80      9.1378
357.00      9.2139
357.20      9.2916
357.40      9.3711
357.60      9.4522
357.80       9.535
358.00      9.6196
358.20       9.706
358.40      9.7943
358.60      9.8845
358.80      9.9766
359.00      10.071
359.20      10.167
359.40      10.265
359.60      10.366
359.80      10.469
360.00      10.574
360.20      10.681
360.40      10.791
360.60      10.903
360.80      11.018
361.00      11.135
361.20      11.255
361.40      11.377
361.60      11.502
361.80       11.63
362.00       11.76
362.20      11.893
362.40      12.028
362.60      12.167
362.80      12.308
363.00      12.451
363.20      12.597
363.40      12.746
363.60      12.897
363.80      13.051
364.00      13.207
364.20      13.366
364.40      13.526
364.60      13.689
364.80      13.855
365.00      14.022
365.20      14.191
365.40      14.362
365.60      14.535
365.80       14.71
366.00      14.886
366.20      15.063
366.40      15.241
366.60      15.421
366.80      15.601
367.00      15.782
367.20      15.963
367.40      16.144
367.60      16.325
367.80      16.505
368.00      16.685
368.20      16.863
368.40      17.041
368.60      17.217
368.80       17.39
369.00      17.562
369.20      17.731
369.40      17.897
369.60       18.06
369.80       18.22
370.00      18.376
370.20      18.529
370.40      18.677
370.60      18.821
370.80      18.961
371.00      19.096
371.20      19.227
371.40      19.353
371.60      19.473
371.80      19.589
372.00        19.7
372.20      19.805
372.40      19.905
372.60          20
372.80      20.089
373.00      20.173
373.20      20.252
373.40      20.325
373.60      20.392
373.80      20.454
374.00      20.511
374.20      20.562
374.40      20.607
374.60      20.647
374.80      20.682
375.00      20.711
375.20      20.735
375.40      20.753
375.60      20.767
375.80      20.775
376.00      20.778
376.20      20.776
376.40      20.769
376.60      20.758
376.80      20.741
377.00       20.72
377.20      20.695
377.40      20.665
377.60      20.631
377.80      20.592
378.00       20.55
378.20      20.504
378.40      20.454
378.60        20.4
378.80      20.343
379.00      20.282
379.20      20.219
379.40      20.153
379.60      20.083
379.80      20.012
380.00      19.937
380.20      19.861
380.40      19.782
380.60      19.701
380.80      19.619
381.00      19.535
381.20      19.449
381.40      19.362
381.60      19.273
381.80      19.184
382.00      19.093
382.20      19.001
382.40      18.909
382.60      18.815
382.80      18.722
383.00      18.627
383.20      18.532
383.40      18.436
383.60       18.34
383.80      18.243
384.00      18.146
384.20      18.049
384.40      17.951
384.60      17.853
384.80      17.755
385.00      17.656
385.20      17.558
385.40      17.458
385.60      17.359
385.80       17.26
386.00       17.16
386.20       17.06
386.40       16.96
386.60       16.86
386.80       16.76
387.00       16.66
387.20       16.56
387.40       16.46
387.60      16.359
387.80      16.259
388.00      16.159
388.20      16.059
388.40      15.959
388.60       15.86
388.80       15.76
389.00      15.661
389.20      15.561
389.40      15.462
389.60      15.364
389.80      15.265
390.00      15.167
390.20      15.069
390.40      14.972
390.60      14.875
390.80      14.778
391.00      14.682
391.20      14.586
391.40      14.491
391.60      14.395
391.80      14.301
392.00      14.206
392.20      14.113
392.40      14.019
392.60      13.926
392.80      13.833
393.00      13.741
393.20      13.649
393.40      13.558
393.60      13.467
393.80      13.376
394.00      13.286
394.20      13.196
394.40      13.107
394.60      13.018
394.80       12.93
395.00      12.842
395.20      12.754
395.40      12.667
395.60      12.581
395.80      12.495
396.00       12.41
396.20      12.325
396.40      12.241
396.60      12.157
396.80      12.074
397.00      11.992
397.20       11.91
397.40      11.829
397.60      11.749
397.80      11.669
398.00       11.59
398.20      11.511
398.40      11.434
398.60      11.356
398.80       11.28
399.00      11.204
399.20      11.129
399.40      11.054
399.60       10.98
399.80      10.907
400.00      10.834
400.20      10.763
400.40      10.691
400.60      10.621
400.80      10.551
401.00      10.482
401.20      10.413
401.40      10.345
401.60      10.277
401.80       10.21
402.00      10.144
402.20      10.078
402.40      10.013
402.60      9.9483
402.80      9.8841
403.00      9.8203
403.20       9.757
403.40      9.6941
403.60      9.6316
403.80      9.5696
404.00       9.508
404.20      9.4468
404.40       9.386
404.60      9.3256
404.80      9.2656
405.00       9.206
405.20      9.1469
405.40      9.0882
405.60      9.0299
405.80      8.9722
406.00      8.9149
406.20      8.8581
406.40      8.8019
406.60      8.7463
406.80      8.6911
407.00      8.6366
407.20      8.5826
407.40      8.5292
407.60      8.4764
407.80      8.4242
408.00      8.3725
408.20      8.3213
408.40      8.2707
408.60      8.2206
408.80       8.171
409.00      8.1219
409.20      8.0732
409.40      8.0249
409.60      7.9771
409.80      7.9297
410.00      7.8827
410.20       7.836
410.40      7.7896
410.60      7.7436
410.80       7.698
411.00      7.6526
411.20      7.6075
411.40      7.5627
411.60      7.5182
411.80       7.474
412.00      7.4301
412.20      7.3864
412.40       7.343
412.60      7.2999
412.80       7.257
413.00      7.2145
413.20      7.1722
413.40      7.1302
413.60      7.0884
413.80       7.047
414.00      7.0059
414.20      6.9651
414.40      6.9246
414.60      6.8845
414.80      6.8447
415.00      6.8053
415.20      6.7663
415.40      6.7277
415.60      6.6894
415.80      6.6516
416.00       6.614
416.20      6.5769
416.40      6.5401
416.60      6.5037
416.80      6.4676
417.00      6.4318
417.20      6.3963
417.40      6.3612
417.60      6.3264
417.80      6.2919
418.00      6.2577
418.20      6.2238
418.40      6.1903
418.60       6.157
418.80      6.1239
419.00      6.0912
419.20      6.0588
419.40      6.0266
419.60      5.9946
419.80       5.963
420.00      5.9316
420.20      5.9004
420.40      5.8695
420.60      5.8389
420.80      5.8085
421.00      5.7783
421.20      5.7484
421.40      5.7187
421.60      5.6893
421.80      5.6601
422.00      5.6312
422.20      5.6026
422.40      5.5742
422.60      5.5461
422.80      5.5183
423.00      5.4907
423.20      5.4634
423.40      5.4363
423.60      5.4094
423.80      5.3828
424.00      5.3564
424.20      5.3301
424.40      5.3041
424.60      5.2783
424.80      5.2526
425.00      5.2272
425.20      5.2019
425.40      5.1769
425.60       5.152
425.80      5.1273
426.00      5.1028
426.20      5.0785
426.40      5.0544
426.60      5.0305
426.80      5.0068
427.00      4.9833
427.20      4.9599
427.40      4.9368
427.60      4.9138
427.80      4.8911
428.00      4.8685
428.20      4.8461
428.40      4.8238
428.60      4.8018
428.80      4.7799
429.00      4.7582
429.20      4.7366
429.40      4.7152
429.60       4.694
429.80      4.6729
430.00       4.652
430.20      4.6312
430.40      4.6106
430.60      4.5902
430.80      4.5699
431.00      4.5497
431.20      4.5297
431.40      4.5098
431.60      4.4901
431.80      4.4705
432.00       4.451
432.20      4.4316
432.40      4.4123
432.60      4.3931
432.80       4.374
433.00       4.355
433.20       4.336
433.40      4.3172
433.60      4.2983
433.80      4.2796
434.00      4.2609
434.20      4.2423
434.40      4.2238
434.60      4.2054
434.80      4.1872
435.00       4.169
435.20      4.1509
435.40       4.133
435.60      4.1153
435.80      4.0978
436.00      4.0804
436.20      4.0633
436.40      4.0463
436.60      4.0296
436.80      4.0131
437.00      3.9969
437.20      3.9808
437.40       3.965
437.60      3.9493
437.80      3.9339
438.00      3.9186
438.20      3.9035
438.40      3.8885
438.60      3.8736
438.80      3.8588
439.00      3.8441
439.20      3.8295
439.40      3.8149
439.60      3.8003
439.80      3.7858
440.00      3.7712
440.20      3.7567
440.40      3.7422
440.60      3.7276
440.80      3.7131
441.00      3.6986
441.20      3.6841
441.40      3.6696
441.60      3.6552
441.80      3.6408
442.00      3.6266
442.20      3.6125
442.40      3.5985
442.60      3.5848
442.80      3.5712
443.00      3.5579
443.20      3.5449
443.40      3.5321
443.60      3.5196
443.80      3.5074
444.00      3.4955
444.20      3.4839
444.40      3.4725
444.60      3.4614
444.80      3.4504
445.00      3.4397
445.20      3.4292
445.40      3.4188
445.60      3.4086
445.80      3.3984
446.00      3.3884
446.20      3.3784
446.40      3.3684
446.60      3.3585
446.80      3.3487
447.00      3.3388
447.20       3.329
447.40      3.3191
447.60      3.3092
447.80      3.2993
448.00      3.2894
448.20      3.2794
448.40      3.2694
448.60      3.2594
448.80      3.2493
449.00      3.2391
449.20      3.2289
449.40      3.2186
449.60      3.2083
449.80      3.1979
450.00      3.1874
450.20      3.1769
450.40      3.1663
450.60      3.1557
450.80      3.1451
451.00      3.1345
451.20      3.1239
451.40      3.1133
451.60      3.1028
451.80      3.0923
452.00      3.0819
452.20      3.0716
452.40      3.0613
452.60      3.0511
452.80       3.041
453.00       3.031
453.20      3.0211
453.40      3.0113
453.60      3.0015
453.80      2.9918
454.00      2.9822
454.20      2.9726
454.40      2.9631
454.60      2.9536
454.80      2.9442
455.00      2.9347
455.20      2.9252
455.40      2.9158
455.60      2.9063
455.80      2.8967
456.00      2.8872
456.20      2.8777
456.40      2.8681
456.60      2.8586
456.80      2.8491
457.00      2.8396
457.20      2.8303
457.40       2.821
457.60      2.8118
457.80      2.8027
458.00      2.7937
458.20      2.7849
458.40      2.7762
458.60      2.7677
458.80      2.7594
459.00      2.7512
459.20      2.7432
459.40      2.7354
459.60      2.7278
459.80      2.7204
460.00      2.7132
460.20      2.7062
460.40      2.6993
460.60      2.6926
460.80       2.686
461.00      2.6795
461.20      2.6731
461.40      2.6669
461.60      2.6607
461.80      2.6545
462.00      2.6484
462.20      2.6423
462.40      2.6362
462.60      2.6302
462.80      2.6241
463.00       2.618
463.20      2.6119
463.40      2.6058
463.60      2.5997
463.80      2.5935
464.00      2.5873
464.20       2.581
464.40      2.5747
464.60      2.5683
464.80      2.5619
465.00      2.5555
465.20       2.549
465.40      2.5426
465.60      2.5361
465.80      2.5297
466.00      2.5232
466.20      2.5168
466.40      2.5105
466.60      2.5042
466.80       2.498
467.00      2.4919
467.20      2.4858
467.40      2.4799
467.60      2.4741
467.80      2.4684
468.00      2.4628
468.20      2.4573
468.40       2.452
468.60      2.4467
468.80      2.4415
469.00      2.4365
469.20      2.4315
469.40      2.4266
469.60      2.4218
469.80       2.417
470.00      2.4123
470.20      2.4075
470.40      2.4028
470.60       2.398
470.80      2.3933
471.00      2.3884
471.20      2.3836
471.40      2.3786
471.60      2.3736
471.80      2.3684
472.00      2.3632
472.20      2.3579
472.40      2.3525
472.60       2.347
472.80      2.3415
473.00      2.3359
473.20      2.3302
473.40      2.3246
473.60      2.3188
473.80      2.3131
474.00      2.3074
474.20      2.3017
474.40      2.2961
474.60      2.2905
474.80       2.285
475.00      2.2796
475.20      2.2743
475.40       2.269
475.60      2.2639
475.80      2.2588
476.00      2.2539
476.20       2.249
476.40      2.2442
476.60      2.2395
476.80      2.2349
477.00      2.2303
477.20      2.2259
477.40      2.2214
477.60       2.217
477.80      2.2126
478.00      2.2083
478.20      2.2039
478.40      2.1996
478.60      2.1953
478.80      2.1909
479.00      2.1866
479.20      2.1823
479.40       2.178
479.60      2.1737
479.80      2.1694
480.00      2.1652
480.20       2.161
480.40      2.1568
480.60      2.1527
480.80      2.1486
481.00      2.1446
481.20      2.1407
481.40      2.1368
481.60       2.133
481.80      2.1293
482.00      2.1256
482.20      2.1221
482.40      2.1186
482.60      2.1152
482.80      2.1119
483.00      2.1087
483.20      2.1055
483.40      2.1024
483.60      2.0993
483.80      2.0963
484.00      2.0932
484.20      2.0902
484.40      2.0871
484.60       2.084
484.80      2.0809
485.00      2.0777
485.20      2.0744
485.40      2.0711
485.60      2.0678
485.80      2.0643
486.00      2.0608
486.20      2.0573
486.40      2.0537
486.60      2.0501
486.80      2.0464
487.00      2.0427
487.20       2.039
487.40      2.0353
487.60      2.0315
487.80      2.0278
488.00      2.0241
488.20      2.0204
488.40      2.0166
488.60      2.0129
488.80      2.0092
489.00      2.0055
489.20      2.0018
489.40       1.998
489.60      1.9943
489.80      1.9906
490.00       1.987
490.20      1.9833
490.40      1.9796
490.60       1.976
490.80      1.9723
491.00      1.9687
491.20      1.9651
491.40      1.9616
491.60       1.958
491.80      1.9545
492.00       1.951
492.20      1.9476
492.40      1.9442
492.60      1.9409
492.80      1.9376
493.00      1.9344
493.20      1.9312
493.40      1.9281
493.60       1.925
493.80       1.922
494.00       1.919
494.20      1.9161
494.40      1.9132
494.60      1.9103
494.80      1.9074
495.00      1.9045
495.20      1.9016
495.40      1.8988
495.60      1.8959
495.80      1.8929
496.00        1.89
496.20       1.887
496.40       1.884
496.60      1.8809
496.80      1.8777
497.00      1.8745
497.20      1.8712
497.40      1.8678
497.60      1.8643
497.80      1.8607
498.00      1.8571
498.20      1.8533
498.40      1.8496
498.60      1.8457
498.80      1.8418
499.00      1.8379
499.20      1.8339
499.40        1.83
499.60      1.8261
499.80      1.8223
500.00      1.8184
500.20      1.8147
500.40       1.811
500.60      1.8073
500.80      1.8038
501.00      1.8003
501.20      1.7968
501.40      1.7935
501.60      1.7902
501.80       1.787
502.00      1.7838
502.20      1.7808
502.40      1.7778
502.60      1.7749
502.80      1.7721
503.00      1.7693
503.20      1.7667
503.40       1.764
503.60      1.7615
503.80       1.759
504.00      1.7564
504.20      1.7539
504.40      1.7514
504.60      1.7489
504.80      1.7463
505.00      1.7436
505.20      1.7408
505.40       1.738
505.60      1.7351
505.80      1.7321
506.00       1.729
506.20      1.7257
506.40      1.7224
506.60       1.719
506.80      1.7155
507.00      1.7118
507.20      1.7081
507.40      1.7043
507.60      1.7003
507.80      1.6963
508.00      1.6923
508.20      1.6881
508.40      1.6839
508.60      1.6795
508.80      1.6751
509.00      1.6707
509.20      1.6661
509.40      1.6615
509.60      1.6569
509.80      1.6522
510.00      1.6474
510.20      1.6427
510.40      1.6379
510.60      1.6331
510.80      1.6283
511.00      1.6235
511.20      1.6188
511.40       1.614
511.60      1.6093
511.80      1.6046
512.00         1.6
512.20      1.5953
512.40      1.5908
512.60      1.5862
512.80      1.5816
513.00      1.5771
513.20      1.5726
513.40      1.5681
513.60      1.5635
513.80       1.559
514.00      1.5545
514.20      1.5499
514.40      1.5454
514.60      1.5408
514.80      1.5362
515.00      1.5316
515.20       1.527
515.40      1.5224
515.60      1.5178
515.80      1.5133
516.00      1.5088
516.20      1.5043
516.40      1.4998
516.60      1.4954
516.80      1.4911
517.00      1.4868
517.20      1.4825
517.40      1.4783
517.60      1.4741
517.80        1.47
518.00      1.4658
518.20      1.4618
518.40      1.4577
518.60      1.4536
518.80      1.4496
519.00      1.4456
519.20      1.4416
519.40      1.4376
519.60      1.4336
519.80      1.4297
520.00      1.4257
520.20      1.4218
520.40      1.4178
520.60      1.4139
520.80        1.41
521.00      1.4061
521.20      1.4022
521.40      1.3983
521.60      1.3944
521.80      1.3905
522.00      1.3867
522.20      1.3828
522.40       1.379
522.60      1.3752
522.80      1.3713
523.00      1.3675
523.20      1.3637
523.40      1.3598
523.60      1.3559
523.80       1.352
524.00      1.3481
524.20      1.3441
524.40      1.3401
524.60       1.336
524.80      1.3319
525.00      1.3277
525.20      1.3235
525.40      1.3193
525.60       1.315
525.80      1.3107
526.00      1.3064
526.20       1.302
526.40      1.2976
526.60      1.2932
526.80      1.2887
527.00      1.2842
527.20      1.2797
527.40      1.2751
527.60      1.2705
527.80      1.2658
528.00       1.261
528.20      1.2563
528.40      1.2515
528.60      1.2466
528.80      1.2417
529.00      1.2368
529.20      1.2319
529.40       1.227
529.60       1.222
529.80      1.2171
530.00      1.2122
530.20      1.2074
530.40      1.2026
530.60      1.1978
530.80      1.1931
531.00      1.1885
531.20       1.184
531.40      1.1795
531.60      1.1752
531.80       1.171
532.00      1.1669
532.20      1.1629
532.40       1.159
532.60      1.1552
532.80      1.1515
533.00       1.148
533.20      1.1445
533.40      1.1412
533.60       1.138
533.80      1.1348
534.00      1.1318
534.20      1.1288
534.40      1.1259
534.60      1.1231
534.80      1.1204
535.00      1.1177
535.20      1.1151
535.40      1.1126
535.60      1.1102
535.80      1.1079
536.00      1.1056
536.20      1.1035
536.40      1.1014
536.60      1.0994
536.80      1.0975
537.00      1.0957
537.20       1.094
537.40      1.0923
537.60      1.0907
537.80      1.0892
538.00      1.0876
538.20      1.0861
538.40      1.0846
538.60       1.083
538.80      1.0815
539.00      1.0799
539.20      1.0782
539.40      1.0765
539.60      1.0747
539.80      1.0728
540.00      1.0708
540.20      1.0687
540.40      1.0664
540.60      1.0641
540.80      1.0616
541.00      1.0589
541.20      1.0561
541.40      1.0532
541.60      1.0502
541.80       1.047
542.00      1.0437
542.20      1.0404
542.40      1.0369
542.60      1.0334
542.80      1.0299
543.00      1.0263
543.20      1.0227
543.40      1.0192
543.60      1.0157
543.80      1.0123
544.00       1.009
544.20      1.0058
544.40      1.0028
544.60     0.99988
544.80     0.99717
545.00     0.99464
545.20     0.99231
545.40     0.99019
545.60     0.98827
545.80     0.98656
546.00     0.98506
546.20     0.98376
546.40     0.98266
546.60     0.98174
546.80       0.981
547.00      0.9804
547.20     0.97995
547.40     0.97961
547.60     0.97937
547.80     0.97921
548.00     0.97912
548.20     0.97907
548.40     0.97906
548.60     0.97907
548.80     0.97908
549.00     0.97909
549.20     0.97908
549.40     0.97903
549.60     0.97895
549.80     0.97882
550.00     0.97863
550.20     0.97838
550.40     0.97806
550.60     0.97767
550.80      0.9772
551.00     0.97667
551.20     0.97606
551.40     0.97539
551.60     0.97467
551.80     0.97391
552.00     0.97313
552.20     0.97232
552.40      0.9715
552.60     0.97066
552.80     0.96981
553.00     0.96894
553.20     0.96805
553.40     0.96715
553.60     0.96623
553.80     0.96531
554.00     0.96439
554.20     0.96348
554.40     0.96259
554.60     0.96173
554.80     0.96091
555.00     0.96011
555.20     0.95935
555.40     0.95863
555.60     0.95794
555.80     0.95728
556.00     0.95668
556.20     0.95612
556.40     0.95562
556.60     0.95519
556.80     0.95486
557.00     0.95464
557.20     0.95453
557.40     0.95453
557.60     0.95466
557.80      0.9549
558.00     0.95525
558.20     0.95568
558.40     0.95618
558.60     0.95675
558.80     0.95735
559.00     0.95799
559.20     0.95866
559.40     0.95935
559.60     0.96007
559.80     0.96081
560.00     0.96157
560.20     0.96234
560.40     0.96313
560.60     0.96393
560.80     0.96471
561.00     0.96549
561.20     0.96622
561.40     0.96691
561.60     0.96754
561.80     0.96811
562.00      0.9686
562.20     0.96902
562.40     0.96937
562.60     0.96964
562.80     0.96984
563.00     0.96997
563.20     0.97002
563.40     0.97001
563.60     0.96992
563.80     0.96976
564.00     0.96954
564.20     0.96924
564.40     0.96889
564.60     0.96847
564.80     0.96799
565.00     0.96746
565.20     0.96688
565.40     0.96627
565.60     0.96563
565.80     0.96498
566.00     0.96435
566.20     0.96376
566.40     0.96323
566.60     0.96277
566.80     0.96241
567.00     0.96215
567.20     0.96201
567.40     0.96199
567.60      0.9621
567.80     0.96233
568.00      0.9627
568.20      0.9632
568.40     0.96382
568.60     0.96456
568.80     0.96541
569.00     0.96636
569.20     0.96738
569.40     0.96849
569.60     0.96966
569.80      0.9709
570.00     0.97221
570.20     0.97358
570.40       0.975
570.60     0.97646
570.80     0.97796
571.00     0.97948
571.20     0.98101
571.40     0.98255
571.60     0.98408
571.80     0.98559
572.00     0.98706
572.20     0.98849
572.40     0.98987
572.60     0.99119
572.80     0.99244
573.00     0.99361
573.20     0.99469
573.40     0.99569
573.60     0.99659
573.80     0.99741
574.00     0.99816
574.20     0.99884
574.40     0.99947
574.60      1.0001
574.80      1.0006
575.00      1.0012
575.20      1.0018
575.40      1.0024
575.60       1.003
575.80      1.0037
576.00      1.0044
576.20      1.0051
576.40      1.0059
576.60      1.0068
576.80      1.0076
577.00      1.0085
577.20      1.0094
577.40      1.0103
577.60      1.0112
577.80      1.0121
578.00      1.0129
578.20      1.0138
578.40      1.0146
578.60      1.0153
578.80       1.016
579.00      1.0166
579.20      1.0172
579.40      1.0177
579.60      1.0181
579.80      1.0185
580.00      1.0188
580.20       1.019
580.40      1.0193
580.60      1.0195
580.80      1.0198
581.00        1.02
581.20      1.0203
581.40      1.0206
581.60       1.021
581.80      1.0214
582.00      1.0219
582.20      1.0225
582.40      1.0232
582.60       1.024
582.80      1.0249
583.00      1.0259
583.20      1.0271
583.40      1.0283
583.60      1.0296
583.80      1.0309
584.00      1.0324
584.20      1.0339
584.40      1.0354
584.60       1.037
584.80      1.0386
585.00      1.0401
585.20      1.0417
585.40      1.0433
585.60      1.0447
585.80      1.0462
586.00      1.0475
586.20      1.0488
586.40      1.0499
586.60       1.051
586.80      1.0519
587.00      1.0527
587.20      1.0534
587.40      1.0539
587.60      1.0543
587.80      1.0546
588.00      1.0548
588.20      1.0549
588.40       1.055
588.60       1.055
588.80       1.055
589.00      1.0551
589.20      1.0552
589.40      1.0554
589.60      1.0558
589.80      1.0562
590.00      1.0567
590.20      1.0574
590.40      1.0582
590.60      1.0591
590.80      1.0601
591.00      1.0611
591.20      1.0622
591.40      1.0633
591.60      1.0645
591.80      1.0656
592.00      1.0668
592.20      1.0679
592.40      1.0691
592.60      1.0702
592.80      1.0712
593.00      1.0723
593.20      1.0733
593.40      1.0742
593.60      1.0751
593.80      1.0759
594.00      1.0767
594.20      1.0774
594.40      1.0781
594.60      1.0788
594.80      1.0794
595.00        1.08
595.20      1.0806
595.40      1.0812
595.60      1.0819
595.80      1.0826
596.00      1.0834
596.20      1.0842
596.40      1.0851
596.60       1.086
596.80      1.0871
597.00      1.0881
597.20      1.0893
597.40      1.0904
597.60      1.0915
597.80      1.0926
598.00      1.0937
598.20      1.0948
598.40      1.0958
598.60      1.0966
598.80      1.0974
599.00      1.0981
599.20      1.0986
599.40       1.099
599.60      1.0993
599.80      1.0994
600.00      1.0994
600.20      1.0993
600.40       1.099
600.60      1.0986
600.80       1.098
601.00      1.0973
601.20      1.0964
601.40      1.0954
601.60      1.0942
601.80       1.093
602.00      1.0917
602.20      1.0902
602.40      1.0887
602.60      1.0872
602.80      1.0857
603.00      1.0841
603.20      1.0825
603.40       1.081
603.60      1.0795
603.80      1.0781
604.00      1.0768
604.20      1.0755
604.40      1.0744
604.60      1.0734
604.80      1.0725
605.00      1.0717
605.20       1.071
605.40      1.0704
605.60      1.0699
605.80      1.0695
606.00      1.0692
606.20       1.069
606.40      1.0688
606.60      1.0688
606.80      1.0687
607.00      1.0687
607.20      1.0688
607.40      1.0689
607.60      1.0691
607.80      1.0694
608.00      1.0697
608.20      1.0701
608.40      1.0705
608.60       1.071
608.80      1.0716
609.00      1.0723
609.20      1.0731
609.40      1.0739
609.60      1.0748
609.80      1.0758
610.00      1.0768
610.20      1.0778
610.40      1.0789
610.60      1.0799
610.80      1.0809
611.00      1.0818
611.20      1.0826
611.40      1.0834
611.60      1.0839
611.80      1.0843
612.00      1.0846
612.20      1.0846
612.40      1.0845
612.60      1.0842
612.80      1.0836
613.00       1.083
613.20      1.0821
613.40      1.0811
613.60      1.0799
613.80      1.0786
614.00      1.0772
614.20      1.0756
614.40      1.0738
614.60       1.072
614.80        1.07
615.00      1.0679
615.20      1.0658
615.40      1.0636
615.60      1.0614
615.80      1.0591
616.00      1.0569
616.20      1.0546
616.40      1.0524
616.60      1.0503
616.80      1.0482
617.00      1.0462
617.20      1.0443
617.40      1.0425
617.60      1.0408
617.80      1.0392
618.00      1.0378
618.20      1.0365
618.40      1.0352
618.60      1.0341
618.80      1.0331
619.00      1.0323
619.20      1.0315
619.40      1.0307
619.60      1.0301
619.80      1.0294
620.00      1.0288
620.20      1.0281
620.40      1.0275
620.60      1.0268
620.80      1.0261
621.00      1.0253
621.20      1.0244
621.40      1.0235
621.60      1.0225
621.80      1.0215
622.00      1.0204
622.20      1.0193
622.40      1.0182
622.60       1.017
622.80      1.0159
623.00      1.0147
623.20      1.0136
623.40      1.0124
623.60      1.0113
623.80      1.0102
624.00      1.0091
624.20      1.0079
624.40      1.0068
624.60      1.0057
624.80      1.0045
625.00      1.0033
625.20      1.0022
625.40       1.001
625.60     0.99982
625.80     0.99861
626.00     0.99737
626.20     0.99611
626.40     0.99481
626.60     0.99349
626.80     0.99214
627.00     0.99077
627.20     0.98938
627.40     0.98798
627.60     0.98656
627.80     0.98513
628.00      0.9837
628.20     0.98227
628.40     0.98087
628.60     0.97951
628.80      0.9782
629.00     0.97697
629.20     0.97582
629.40     0.97479
629.60     0.97388
629.80     0.97313
630.00     0.97255
630.20     0.97215
630.40     0.97194
630.60     0.97192
630.80     0.97211
631.00     0.97252
631.20     0.97313
631.40     0.97395
631.60     0.97498
631.80      0.9762
632.00     0.97762
632.20      0.9792
632.40     0.98092
632.60     0.98275
632.80     0.98468
633.00     0.98666
633.20     0.98867
633.40     0.99068
633.60     0.99265
633.80     0.99455
634.00     0.99637
634.20     0.99805
634.40     0.99959
634.60       1.001
634.80      1.0021
635.00      1.0031
635.20      1.0039
635.40      1.0044
635.60      1.0046
635.80      1.0047
636.00      1.0045
636.20      1.0041
636.40      1.0036
636.60      1.0028
636.80       1.002
637.00       1.001
637.20           1
637.40     0.99897
637.60      0.9979
637.80     0.99684
638.00     0.99582
638.20     0.99486
638.40     0.99399
638.60     0.99321
638.80     0.99254
639.00     0.99197
639.20     0.99152
639.40     0.99118
639.60     0.99095
639.80     0.99083
640.00     0.99081
640.20     0.99091
640.40      0.9911
640.60     0.99138
640.80     0.99175
641.00      0.9922
641.20     0.99272
641.40     0.99329
641.60     0.99391
641.80     0.99455
642.00     0.99521
642.20     0.99588
642.40     0.99655
642.60     0.99723
642.80     0.99793
643.00     0.99865
643.20      0.9994
643.40      1.0002
643.60      1.0011
643.80       1.002
644.00       1.003
644.20      1.0041
644.40      1.0053
644.60      1.0066
644.80       1.008
645.00      1.0095
645.20      1.0111
645.40      1.0127
645.60      1.0144
645.80      1.0162
646.00       1.018
646.20      1.0199
646.40      1.0217
646.60      1.0236
646.80      1.0255
647.00      1.0273
647.20      1.0292
647.40       1.031
647.60      1.0327
647.80      1.0345
648.00      1.0361
648.20      1.0377
648.40      1.0393
648.60      1.0408
648.80      1.0422
649.00      1.0436
649.20      1.0449
649.40      1.0461
649.60      1.0473
649.80      1.0485
650.00      1.0497
650.20      1.0509
650.40      1.0521
650.60      1.0534
650.80      1.0547
651.00      1.0561
651.20      1.0576
651.40      1.0592
651.60      1.0608
651.80      1.0626
652.00      1.0644
652.20      1.0663
652.40      1.0684
652.60      1.0705
652.80      1.0727
653.00       1.075
653.20      1.0773
653.40      1.0797
653.60      1.0821
653.80      1.0845
654.00       1.087
654.20      1.0894
654.40      1.0918
654.60      1.0941
654.80      1.0964
655.00      1.0986
655.20      1.1007
655.40      1.1027
655.60      1.1047
655.80      1.1065
656.00      1.1082
656.20      1.1098
656.40      1.1113
656.60      1.1127
656.80      1.1139
657.00      1.1151
657.20      1.1161
657.40       1.117
657.60      1.1178
657.80      1.1185
658.00      1.1191
658.20      1.1195
658.40      1.1199
658.60      1.1202
658.80      1.1204
659.00      1.1205
659.20      1.1206
659.40      1.1207
659.60      1.1207
659.80      1.1207
660.00      1.1206
660.20      1.1206
660.40      1.1205
660.60      1.1205
660.80      1.1204
661.00      1.1204
661.20      1.1203
661.40      1.1203
661.60      1.1202
661.80      1.1202
662.00      1.1202
662.20      1.1202
662.40      1.1203
662.60      1.1204
662.80      1.1205
663.00      1.1206
663.20      1.1208
663.40      1.1209
663.60      1.1211
663.80      1.1214
664.00      1.1216
664.20      1.1219
664.40      1.1222
664.60      1.1225
664.80      1.1228
665.00       1.123
665.20      1.1233
665.40      1.1235
665.60      1.1236
665.80      1.1237
666.00      1.1238
666.20      1.1239
666.40       1.124
666.60      1.1241
666.80      1.1242
667.00      1.1243
667.20      1.1245
667.40      1.1247
667.60      1.1248
667.80       1.125
668.00      1.1251
668.20      1.1252
668.40      1.1252
668.60      1.1252
668.80       1.125
669.00      1.1248
669.20      1.1246
669.40      1.1243
669.60       1.124
669.80      1.1237
670.00      1.1234
670.20      1.1232
670.40       1.123
670.60      1.1228
670.80      1.1228
671.00      1.1228
671.20      1.1229
671.40       1.123
671.60      1.1233
671.80      1.1236
672.00      1.1239
672.20      1.1243
672.40      1.1247
672.60      1.1251
672.80      1.1255
673.00      1.1259
673.20      1.1261
673.40      1.1263
673.60      1.1265
673.80      1.1265
674.00      1.1264
674.20      1.1262
674.40       1.126
674.60      1.1257
674.80      1.1253
675.00      1.1248
675.20      1.1243
675.40      1.1239
675.60      1.1234
675.80       1.123
676.00      1.1227
676.20      1.1224
676.40      1.1222
676.60       1.122
676.80       1.122
677.00       1.122
677.20      1.1222
677.40      1.1224
677.60      1.1228
677.80      1.1232
678.00      1.1237
678.20      1.1243
678.40      1.1249
678.60      1.1255
678.80      1.1262
679.00      1.1268
679.20      1.1274
679.40       1.128
679.60      1.1285
679.80       1.129
680.00      1.1294
680.20      1.1297
680.40      1.1299
680.60      1.1301
680.80      1.1301
681.00      1.1301
681.20        1.13
681.40      1.1297
681.60      1.1294
681.80      1.1289
682.00      1.1284
682.20      1.1277
682.40      1.1269
682.60      1.1259
682.80      1.1249
683.00      1.1237
683.20      1.1224
683.40      1.1211
683.60      1.1197
683.80      1.1182
684.00      1.1167
684.20      1.1152
684.40      1.1138
684.60      1.1123
684.80      1.1109
685.00      1.1095
685.20      1.1082
685.40      1.1069
685.60      1.1058
685.80      1.1047
686.00      1.1037
686.20      1.1028
686.40       1.102
686.60      1.1014
686.80      1.1008
687.00      1.1003
687.20      1.0999
687.40      1.0996
687.60      1.0994
687.80      1.0992
688.00      1.0991
688.20       1.099
688.40       1.099
688.60       1.099
688.80      1.0991
689.00      1.0992
689.20      1.0993
689.40      1.0995
689.60      1.0998
689.80      1.1001
690.00      1.1004
690.20      1.1008
690.40      1.1012
690.60      1.1017
690.80      1.1023
691.00      1.1029
691.20      1.1035
691.40      1.1042
691.60      1.1048
691.80      1.1055
692.00      1.1062
692.20      1.1069
692.40      1.1075
692.60      1.1081
692.80      1.1086
693.00      1.1091
693.20      1.1095
693.40      1.1099
693.60      1.1102
693.80      1.1104
694.00      1.1106
694.20      1.1107
694.40      1.1107
694.60      1.1106
694.80      1.1105
695.00      1.1103
695.20        1.11
695.40      1.1095
695.60       1.109
695.80      1.1084
696.00      1.1077
696.20      1.1069
696.40       1.106
696.60      1.1049
696.80      1.1038
697.00      1.1025
697.20      1.1012
697.40      1.0999
697.60      1.0985
697.80       1.097
698.00      1.0956
698.20      1.0942
698.40      1.0928
698.60      1.0914
698.80      1.0901
699.00      1.0888
699.20      1.0876
699.40      1.0864
699.60      1.0853
699.80      1.0843
700.00      1.0833
700.20      1.0824
700.40      1.0815
700.60      1.0807
700.80      1.0798
701.00       1.079
701.20      1.0782
701.40      1.0773
701.60      1.0765
701.80      1.0755
702.00      1.0746
702.20      1.0735
702.40      1.0724
702.60      1.0713
702.80        1.07
703.00      1.0687
703.20      1.0672
703.40      1.0657
703.60       1.064
703.80      1.0622
704.00      1.0602
704.20      1.0582
704.40      1.0559
704.60      1.0536
704.80      1.0511
705.00      1.0485
705.20      1.0458
705.40      1.0429
705.60        1.04
705.80      1.0369
706.00      1.0337
706.20      1.0303
706.40      1.0269
706.60      1.0234
706.80      1.0198
707.00       1.016
707.20      1.0122
707.40      1.0083
707.60      1.0043
707.80      1.0001
708.00     0.99584
708.20     0.99144
708.40     0.98691
708.60     0.98223
708.80     0.97741
709.00     0.97244
709.20     0.96731
709.40     0.96203
709.60     0.95658
709.80     0.95096
710.00     0.94518
710.20     0.93923
710.40     0.93311
710.60     0.92682
710.80     0.92037
711.00     0.91376
711.20     0.90699
711.40     0.90006
711.60     0.89297
711.80     0.88573
712.00     0.87834
712.20     0.87079
712.40      0.8631
712.60     0.85526
712.80     0.84728
713.00     0.83917
713.20     0.83093
713.40     0.82258
713.60     0.81412
713.80     0.80555
714.00      0.7969
714.20     0.78817
714.40     0.77939
714.60     0.77058
714.80     0.76176
715.00     0.75294
715.20     0.74416
715.40     0.73542
715.60     0.72674
715.80     0.71813
716.00     0.70959
716.20     0.70115
716.40      0.6928
716.60     0.68456
716.80     0.67645
717.00     0.66846
717.20      0.6606
717.40     0.65285
717.60     0.64523
717.80     0.63772
718.00     0.63032
718.20     0.62302
718.40     0.61581
718.60     0.60869
718.80     0.60162
719.00     0.59461
719.20     0.58763
719.40     0.58068
719.60     0.57373
719.80     0.56679
720.00     0.55986
