 0.20     0.61282
 0.40     0.61256
 0.60      0.6123
 0.80     0.61202
 1.00     0.61173
 1.20     0.61142
 1.40     0.61107
 1.60     0.61066
 1.80      0.6102
 2.00     0.60965
 2.20     0.60901
 2.40     0.60827
 2.60      0.6074
 2.80      0.6064
 3.00     0.60526
 3.20     0.60398
 3.40     0.60254
 3.60     0.60096
 3.80     0.59924
 4.00     0.59739
 4.20     0.59539
 4.40     0.59327
 4.60     0.59103
 4.80     0.58867
 5.00      0.5862
 5.20     0.58363
 5.40     0.58096
 5.60     0.57821
 5.80     0.57538
 6.00     0.57249
 6.20     0.56953
 6.40     0.56652
 6.60     0.56347
 6.80      0.5604
 7.00     0.55731
 7.20     0.55422
 7.40     0.55114
 7.60     0.54807
 7.80     0.54503
 8.00     0.54202
 8.20     0.53904
 8.40     0.53611
 8.60     0.53321
 8.80     0.53037
 9.00     0.52758
 9.20     0.52484
 9.40     0.52217
 9.60     0.51956
 9.80     0.51702
10.00     0.51453
10.20     0.51211
10.40     0.50975
10.60     0.50745
10.80      0.5052
11.00       0.503
11.20     0.50085
11.40     0.49873
11.60     0.49663
11.80     0.49455
12.00     0.49248
12.20     0.49042
12.40     0.48836
12.60     0.48631
12.80     0.48425
13.00      0.4822
13.20     0.48016
13.40     0.47814
13.60     0.47613
13.80     0.47416
14.00     0.47222
14.20     0.47032
14.40     0.46848
14.60     0.46669
14.80     0.46496
15.00      0.4633
15.20     0.46172
15.40     0.46021
15.60     0.45877
15.80      0.4574
16.00     0.45611
16.20      0.4549
16.40     0.45375
16.60     0.45267
16.80     0.45164
17.00     0.45065
17.20     0.44967
17.40     0.44871
17.60     0.44773
17.80     0.44672
18.00     0.44567
18.20     0.44458
18.40     0.44342
18.60     0.44222
18.80     0.44096
19.00     0.43966
19.20     0.43832
19.40     0.43694
19.60     0.43553
19.80     0.43409
20.00     0.43265
20.20      0.4312
20.40     0.42975
20.60     0.42832
20.80      0.4269
21.00      0.4255
21.20     0.42413
21.40     0.42281
21.60     0.42154
21.80     0.42034
22.00     0.41921
22.20     0.41816
22.40     0.41718
22.60      0.4163
22.80     0.41552
23.00     0.41486
23.20     0.41433
23.40     0.41396
23.60     0.41374
23.80     0.41369
24.00     0.41381
24.20     0.41409
24.40     0.41454
24.60     0.41514
24.80     0.41588
25.00     0.41675
25.20     0.41772
25.40     0.41879
25.60     0.41994
25.80     0.42117
26.00     0.42247
26.20     0.42383
26.40     0.42525
26.60     0.42669
26.80     0.42816
27.00     0.42965
27.20     0.43115
27.40     0.43265
27.60     0.43416
27.80     0.43565
28.00     0.43712
28.20     0.43855
28.40     0.43992
28.60     0.44122
28.80     0.44244
29.00     0.44355
29.20     0.44454
29.40     0.44541
29.60     0.44614
29.80     0.44673
30.00     0.44718
30.20     0.44751
30.40     0.44771
30.60      0.4478
30.80     0.44779
31.00     0.44771
31.20     0.44755
31.40     0.44736
31.60     0.44714
31.80     0.44693
32.00     0.44674
32.20      0.4466
32.40     0.44653
32.60     0.44654
32.80     0.44661
33.00     0.44676
33.20     0.44696
33.40     0.44719
33.60     0.44745
33.80     0.44773
34.00       0.448
34.20     0.44826
34.40     0.44851
34.60     0.44873
34.80     0.44894
35.00     0.44912
35.20     0.44928
35.40     0.44941
35.60     0.44952
35.80     0.44961
36.00     0.44967
36.20     0.44972
36.40     0.44976
36.60     0.44979
36.80      0.4498
37.00     0.44982
37.20     0.44983
37.40     0.44985
37.60     0.44987
37.80     0.44991
38.00     0.44996
38.20     0.45003
38.40     0.45013
38.60     0.45026
38.80     0.45042
39.00     0.45062
39.20     0.45086
39.40     0.45114
39.60     0.45148
39.80     0.45186
40.00     0.45229
40.20     0.45276
40.40     0.45328
40.60     0.45382
40.80     0.45439
41.00     0.45497
41.20     0.45554
41.40     0.45609
41.60      0.4566
41.80     0.45708
42.00     0.45751
42.20     0.45791
42.40     0.45827
42.60      0.4586
42.80     0.45891
43.00      0.4592
43.20     0.45948
43.40     0.45978
43.60     0.46009
43.80     0.46042
44.00      0.4608
44.20     0.46123
44.40     0.46171
44.60     0.46226
44.80     0.46289
45.00      0.4636
45.20     0.46439
45.40     0.46526
45.60      0.4662
45.80     0.46721
46.00     0.46827
46.20     0.46939
46.40     0.47055
46.60     0.47176
46.80       0.473
47.00     0.47429
47.20      0.4756
47.40     0.47693
47.60     0.47827
47.80     0.47962
48.00     0.48097
48.20     0.48232
48.40     0.48366
48.60       0.485
48.80     0.48631
49.00     0.48759
49.20     0.48883
49.40     0.49002
49.60     0.49115
49.80      0.4922
50.00     0.49319
50.20     0.49409
50.40     0.49489
50.60     0.49557
50.80     0.49612
51.00     0.49653
51.20     0.49681
51.40     0.49694
51.60     0.49693
51.80     0.49678
52.00     0.49651
52.20     0.49612
52.40     0.49563
52.60     0.49506
52.80     0.49444
53.00     0.49377
53.20     0.49307
53.40     0.49236
53.60     0.49164
53.80     0.49092
54.00     0.49019
54.20     0.48946
54.40     0.48874
54.60     0.48802
54.80     0.48732
55.00     0.48662
55.20     0.48596
55.40     0.48532
55.60     0.48474
55.80     0.48423
56.00     0.48381
56.20     0.48348
56.40     0.48326
56.60     0.48315
56.80     0.48315
57.00     0.48326
57.20     0.48347
57.40     0.48378
57.60     0.48416
57.80     0.48462
58.00     0.48512
58.20     0.48565
58.40     0.48618
58.60      0.4867
58.80     0.48719
59.00     0.48765
59.20     0.48808
59.40     0.48846
59.60     0.48881
59.80     0.48911
60.00     0.48937
60.20     0.48959
60.40     0.48978
60.60     0.48994
60.80     0.49007
61.00     0.49018
61.20     0.49026
61.40     0.49033
61.60     0.49039
61.80     0.49044
62.00     0.49047
62.20      0.4905
62.40     0.49053
62.60     0.49056
62.80     0.49058
63.00      0.4906
63.20     0.49061
63.40     0.49062
63.60     0.49063
63.80     0.49062
64.00     0.49061
64.20     0.49058
64.40     0.49052
64.60     0.49045
64.80     0.49034
65.00      0.4902
65.20     0.49002
65.40     0.48979
65.60     0.48951
65.80     0.48916
66.00     0.48875
66.20     0.48827
66.40     0.48771
66.60     0.48708
66.80     0.48637
67.00     0.48559
67.20     0.48475
67.40     0.48385
67.60     0.48291
67.80     0.48195
68.00     0.48097
68.20     0.47999
68.40     0.47901
68.60     0.47803
68.80     0.47707
69.00     0.47613
69.20     0.47523
69.40     0.47438
69.60      0.4736
69.80      0.4729
70.00     0.47227
70.20     0.47171
70.40     0.47123
70.60     0.47082
70.80     0.47048
71.00     0.47021
71.20     0.46998
71.40     0.46981
71.60     0.46968
71.80     0.46959
72.00     0.46954
72.20     0.46951
72.40      0.4695
72.60     0.46951
72.80     0.46954
73.00     0.46958
73.20     0.46962
73.40     0.46968
73.60     0.46973
73.80     0.46979
74.00     0.46985
74.20     0.46992
74.40     0.46998
74.60     0.47003
74.80     0.47009
75.00     0.47014
75.20     0.47019
75.40     0.47023
75.60     0.47027
75.80     0.47029
76.00     0.47031
76.20     0.47031
76.40     0.47029
76.60     0.47026
76.80     0.47021
77.00     0.47013
77.20     0.47002
77.40     0.46989
77.60     0.46971
77.80      0.4695
78.00     0.46924
78.20     0.46894
78.40     0.46859
78.60      0.4682
78.80     0.46775
79.00     0.46727
79.20     0.46674
79.40     0.46617
79.60     0.46559
79.80     0.46499
80.00     0.46441
80.20     0.46384
80.40     0.46331
80.60     0.46282
80.80     0.46237
81.00     0.46195
81.20     0.46157
81.40     0.46122
81.60      0.4609
81.80     0.46059
82.00      0.4603
82.20        0.46
82.40     0.45969
82.60     0.45936
82.80       0.459
83.00      0.4586
83.20     0.45816
83.40     0.45767
83.60     0.45712
83.80     0.45651
84.00     0.45585
84.20     0.45513
84.40     0.45437
84.60     0.45358
84.80     0.45277
85.00     0.45193
85.20     0.45109
85.40     0.45022
85.60     0.44935
85.80     0.44846
86.00     0.44756
86.20     0.44664
86.40     0.44571
86.60     0.44479
86.80     0.44387
87.00     0.44297
87.20     0.44209
87.40     0.44122
87.60     0.44038
87.80     0.43955
88.00     0.43873
88.20     0.43791
88.40     0.43711
88.60     0.43631
88.80     0.43552
89.00     0.43474
89.20       0.434
89.40     0.43328
89.60      0.4326
89.80     0.43195
90.00     0.43134
90.20     0.43075
90.40     0.43018
90.60     0.42962
90.80     0.42907
91.00     0.42851
91.20     0.42795
91.40     0.42737
91.60     0.42678
91.80     0.42617
92.00     0.42554
92.20     0.42491
92.40     0.42429
92.60     0.42368
92.80     0.42311
93.00     0.42258
93.20     0.42209
93.40     0.42166
93.60     0.42128
93.80     0.42094
94.00     0.42065
94.20     0.42041
94.40     0.42021
94.60     0.42004
94.80      0.4199
95.00      0.4198
95.20     0.41971
95.40     0.41964
95.60     0.41959
95.80     0.41955
96.00     0.41952
96.20      0.4195
96.40     0.41947
96.60     0.41945
96.80     0.41943
97.00     0.41941
97.20     0.41939
97.40     0.41938
97.60     0.41936
97.80     0.41934
98.00     0.41934
98.20     0.41934
98.40     0.41935
98.60     0.41938
98.80     0.41943
99.00     0.41951
99.20     0.41963
99.40     0.41978
99.60     0.41999
99.80     0.42024
100.00     0.42056
100.20     0.42095
100.40     0.42142
100.60     0.42196
100.80      0.4226
101.00     0.42331
101.20     0.42412
101.40     0.42501
101.60     0.42597
101.80       0.427
102.00     0.42807
102.20     0.42917
102.40     0.43028
102.60      0.4314
102.80      0.4325
103.00     0.43358
103.20     0.43461
103.40     0.43557
103.60     0.43646
103.80     0.43726
104.00     0.43795
104.20     0.43855
104.40     0.43904
104.60     0.43942
104.80     0.43969
105.00     0.43985
105.20     0.43991
105.40     0.43986
105.60     0.43971
105.80     0.43945
106.00     0.43909
106.20     0.43863
106.40     0.43807
106.60     0.43741
106.80     0.43667
107.00     0.43585
107.20     0.43496
107.40     0.43402
107.60     0.43304
107.80     0.43202
108.00     0.43098
108.20     0.42991
108.40     0.42881
108.60     0.42768
108.80     0.42654
109.00     0.42538
109.20     0.42421
109.40     0.42304
109.60     0.42188
109.80     0.42074
110.00     0.41962
110.20     0.41853
110.40     0.41746
110.60     0.41642
110.80     0.41543
111.00     0.41448
111.20      0.4136
111.40      0.4128
111.60     0.41208
111.80     0.41145
112.00     0.41091
112.20     0.41046
112.40      0.4101
112.60     0.40984
112.80     0.40966
113.00     0.40958
113.20     0.40959
113.40     0.40969
113.60     0.40989
113.80     0.41017
114.00     0.41056
114.20     0.41103
114.40     0.41161
114.60     0.41228
114.80     0.41305
115.00      0.4139
115.20     0.41484
115.40     0.41585
115.60     0.41691
115.80       0.418
116.00     0.41911
116.20     0.42022
116.40     0.42131
116.60     0.42236
116.80     0.42336
117.00     0.42429
117.20     0.42512
117.40     0.42585
117.60     0.42644
117.80      0.4269
118.00     0.42723
118.20     0.42741
118.40     0.42745
118.60     0.42736
118.80     0.42714
119.00     0.42679
119.20     0.42634
119.40     0.42578
119.60     0.42516
119.80     0.42448
120.00     0.42377
120.20     0.42306
120.40     0.42236
120.60     0.42169
120.80     0.42107
121.00     0.42051
121.20     0.42001
121.40     0.41959
121.60     0.41927
121.80     0.41904
122.00     0.41892
122.20     0.41893
122.40     0.41907
122.60     0.41933
122.80      0.4197
123.00     0.42016
123.20     0.42071
123.40     0.42132
123.60     0.42199
123.80      0.4227
124.00     0.42342
124.20     0.42415
124.40     0.42486
124.60     0.42552
124.80      0.4261
125.00      0.4266
125.20     0.42699
125.40     0.42726
125.60     0.42741
125.80     0.42744
126.00     0.42733
126.20     0.42709
126.40     0.42673
126.60     0.42624
126.80     0.42564
127.00     0.42494
127.20     0.42415
127.40      0.4233
127.60     0.42241
127.80     0.42149
128.00     0.42055
128.20      0.4196
128.40     0.41866
128.60     0.41773
128.80     0.41683
129.00     0.41597
129.20     0.41517
129.40     0.41444
129.60     0.41382
129.80      0.4133
130.00     0.41289
130.20      0.4126
130.40     0.41244
130.60      0.4124
130.80     0.41247
131.00     0.41266
131.20     0.41295
131.40     0.41333
131.60     0.41379
131.80     0.41431
132.00     0.41488
132.20     0.41546
132.40     0.41604
132.60      0.4166
132.80     0.41714
133.00     0.41763
133.20     0.41808
133.40     0.41849
133.60     0.41884
133.80     0.41915
134.00     0.41942
134.20     0.41964
134.40     0.41982
134.60     0.41997
134.80     0.42008
135.00     0.42017
135.20     0.42023
135.40     0.42027
135.60     0.42028
135.80     0.42029
136.00     0.42028
136.20     0.42026
136.40     0.42023
136.60     0.42019
136.80     0.42015
137.00      0.4201
137.20     0.42005
137.40        0.42
137.60     0.41995
137.80      0.4199
138.00     0.41986
138.20     0.41981
138.40     0.41977
138.60     0.41974
138.80     0.41971
139.00      0.4197
139.20      0.4197
139.40     0.41971
139.60     0.41974
139.80     0.41979
140.00     0.41987
140.20     0.41997
140.40     0.42011
140.60     0.42029
140.80      0.4205
141.00     0.42076
141.20     0.42106
141.40     0.42142
141.60     0.42182
141.80     0.42227
142.00     0.42277
142.20     0.42331
142.40     0.42389
142.60      0.4245
142.80     0.42511
143.00     0.42572
143.20      0.4263
143.40     0.42686
143.60     0.42737
143.80     0.42785
144.00     0.42829
144.20     0.42869
144.40     0.42906
144.60      0.4294
144.80     0.42971
145.00     0.43001
145.20     0.43029
145.40     0.43058
145.60     0.43086
145.80     0.43116
146.00     0.43147
146.20     0.43179
146.40     0.43214
146.60      0.4325
146.80     0.43289
147.00     0.43329
147.20      0.4337
147.40      0.4341
147.60     0.43449
147.80     0.43485
148.00     0.43515
148.20     0.43538
148.40     0.43552
148.60     0.43557
148.80     0.43553
149.00     0.43539
149.20     0.43515
149.40     0.43484
149.60     0.43447
149.80     0.43405
150.00     0.43361
150.20     0.43317
150.40     0.43276
150.60     0.43237
150.80     0.43204
151.00     0.43176
151.20     0.43154
151.40      0.4314
151.60     0.43133
151.80     0.43133
152.00     0.43142
152.20     0.43158
152.40     0.43183
152.60     0.43215
152.80     0.43254
153.00     0.43299
153.20      0.4335
153.40     0.43406
153.60     0.43464
153.80     0.43522
154.00      0.4358
154.20     0.43633
154.40     0.43682
154.60     0.43724
154.80     0.43759
155.00     0.43786
155.20     0.43805
155.40     0.43816
155.60     0.43819
155.80     0.43814
156.00     0.43802
156.20     0.43782
156.40     0.43757
156.60     0.43727
156.80     0.43693
157.00     0.43656
157.20      0.4362
157.40     0.43585
157.60     0.43555
157.80     0.43531
158.00     0.43516
158.20     0.43508
158.40      0.4351
158.60     0.43521
158.80      0.4354
159.00     0.43567
159.20     0.43599
159.40     0.43635
159.60     0.43672
159.80     0.43709
160.00     0.43745
160.20      0.4378
160.40     0.43811
160.60      0.4384
160.80     0.43866
161.00     0.43888
161.20     0.43908
161.40     0.43924
161.60     0.43938
161.80     0.43949
162.00     0.43959
162.20     0.43967
162.40     0.43975
162.60     0.43982
162.80     0.43989
163.00     0.43998
163.20     0.44008
163.40      0.4402
163.60     0.44035
163.80     0.44053
164.00     0.44075
164.20     0.44102
164.40     0.44133
164.60      0.4417
164.80     0.44211
165.00     0.44258
165.20      0.4431
165.40     0.44367
165.60     0.44428
165.80     0.44491
166.00     0.44555
166.20     0.44619
166.40      0.4468
166.60     0.44738
166.80     0.44792
167.00      0.4484
167.20     0.44882
167.40     0.44919
167.60      0.4495
167.80     0.44974
168.00     0.44993
168.20     0.45005
168.40     0.45011
168.60     0.45011
168.80     0.45005
169.00     0.44993
169.20     0.44975
169.40      0.4495
169.60     0.44919
169.80     0.44883
170.00      0.4484
170.20     0.44792
170.40     0.44738
170.60      0.4468
170.80     0.44618
171.00     0.44553
171.20     0.44488
171.40     0.44424
171.60     0.44362
171.80     0.44304
172.00      0.4425
172.20     0.44202
172.40     0.44158
172.60      0.4412
172.80     0.44087
173.00     0.44059
173.20     0.44035
173.40     0.44015
173.60     0.43998
173.80     0.43985
174.00     0.43974
174.20     0.43966
174.40     0.43959
174.60     0.43954
174.80      0.4395
175.00     0.43946
175.20     0.43944
175.40     0.43941
175.60     0.43938
175.80     0.43936
176.00     0.43934
176.20     0.43932
176.40      0.4393
176.60     0.43928
176.80     0.43927
177.00     0.43927
177.20     0.43928
177.40     0.43932
177.60     0.43937
177.80     0.43946
178.00     0.43958
178.20     0.43975
178.40     0.43996
178.60     0.44024
178.80     0.44058
179.00       0.441
179.20      0.4415
179.40     0.44208
179.60     0.44276
179.80     0.44354
180.00     0.44441
180.20     0.44536
180.40     0.44641
180.60     0.44752
180.80     0.44869
181.00     0.44991
181.20     0.45118
181.40     0.45249
181.60     0.45383
181.80      0.4552
182.00     0.45657
182.20     0.45793
182.40     0.45927
182.60     0.46057
182.80     0.46183
183.00     0.46301
183.20     0.46412
183.40     0.46513
183.60     0.46602
183.80     0.46678
184.00     0.46739
184.20     0.46784
184.40     0.46813
184.60     0.46824
184.80     0.46818
185.00     0.46794
185.20     0.46753
185.40     0.46694
185.60     0.46619
185.80     0.46527
186.00      0.4642
186.20     0.46301
186.40     0.46169
186.60     0.46029
186.80     0.45881
187.00     0.45728
187.20     0.45571
187.40     0.45411
187.60     0.45253
187.80     0.45097
188.00     0.44946
188.20     0.44802
188.40     0.44666
188.60      0.4454
188.80     0.44426
189.00     0.44324
189.20     0.44235
189.40     0.44159
189.60     0.44096
189.80     0.44045
190.00     0.44007
190.20      0.4398
190.40     0.43964
190.60     0.43959
190.80     0.43964
191.00      0.4398
191.20     0.44004
191.40     0.44038
191.60     0.44081
191.80     0.44133
192.00     0.44193
192.20      0.4426
192.40     0.44334
192.60     0.44414
192.80     0.44498
193.00     0.44584
193.20     0.44672
193.40     0.44761
193.60      0.4485
193.80     0.44938
194.00     0.45026
194.20     0.45113
194.40       0.452
194.60     0.45286
194.80      0.4537
195.00     0.45453
195.20     0.45532
195.40     0.45607
195.60     0.45676
195.80     0.45739
196.00     0.45795
196.20     0.45845
196.40     0.45888
196.60     0.45924
196.80     0.45955
197.00      0.4598
197.20        0.46
197.40     0.46016
197.60     0.46028
197.80     0.46036
198.00     0.46042
198.20     0.46045
198.40     0.46046
198.60     0.46045
198.80     0.46043
199.00      0.4604
199.20     0.46036
199.40     0.46031
199.60     0.46026
199.80      0.4602
200.00     0.46014
200.20     0.46008
200.40     0.46002
200.60     0.45996
200.80      0.4599
201.00     0.45983
201.20     0.45977
201.40     0.45971
201.60     0.45966
201.80     0.45961
202.00     0.45957
202.20     0.45953
202.40     0.45951
202.60      0.4595
202.80      0.4595
203.00     0.45953
203.20     0.45959
203.40     0.45967
203.60      0.4598
203.80     0.45996
204.00     0.46018
204.20     0.46045
204.40     0.46077
204.60     0.46117
204.80     0.46163
205.00     0.46217
205.20     0.46278
205.40     0.46346
205.60     0.46422
205.80     0.46504
206.00     0.46591
206.20     0.46682
206.40     0.46776
206.60     0.46872
206.80     0.46969
207.00     0.47066
207.20     0.47164
207.40     0.47261
207.60     0.47357
207.80     0.47451
208.00     0.47542
208.20     0.47629
208.40     0.47711
208.60     0.47788
208.80     0.47862
209.00     0.47932
209.20     0.47999
209.40     0.48064
209.60     0.48128
209.80     0.48191
210.00     0.48254
210.20     0.48317
210.40     0.48381
210.60     0.48444
210.80     0.48507
211.00     0.48569
211.20     0.48628
211.40     0.48682
211.60     0.48732
211.80     0.48777
212.00     0.48817
212.20     0.48851
212.40     0.48881
212.60     0.48906
212.80     0.48926
213.00     0.48944
213.20     0.48959
213.40     0.48971
213.60     0.48983
213.80     0.48994
214.00     0.49006
214.20     0.49019
214.40     0.49035
214.60     0.49053
214.80     0.49075
215.00     0.49102
215.20     0.49134
215.40     0.49171
215.60     0.49215
215.80     0.49265
216.00     0.49322
216.20     0.49385
216.40     0.49453
216.60     0.49527
216.80     0.49603
217.00     0.49682
217.20     0.49764
217.40     0.49847
217.60     0.49931
217.80     0.50018
218.00     0.50107
218.20     0.50199
218.40     0.50293
218.60     0.50389
218.80     0.50488
219.00     0.50588
219.20     0.50689
219.40     0.50788
219.60     0.50887
219.80     0.50984
220.00      0.5108
220.20     0.51174
220.40     0.51266
220.60     0.51355
220.80     0.51441
221.00     0.51523
221.20     0.51599
221.40     0.51669
221.60     0.51731
221.80     0.51786
222.00     0.51833
222.20     0.51873
222.40     0.51906
222.60     0.51932
222.80     0.51952
223.00     0.51967
223.20     0.51978
223.40     0.51985
223.60     0.51988
223.80      0.5199
224.00     0.51989
224.20     0.51989
224.40     0.51988
224.60     0.51988
224.80      0.5199
225.00     0.51995
225.20     0.52003
225.40     0.52015
225.60     0.52033
225.80     0.52057
226.00     0.52087
226.20     0.52126
226.40     0.52172
226.60     0.52227
226.80     0.52292
227.00     0.52365
227.20     0.52448
227.40      0.5254
227.60     0.52639
227.80     0.52745
228.00     0.52859
228.20      0.5298
228.40     0.53108
228.60     0.53244
228.80     0.53388
229.00      0.5354
229.20     0.53698
229.40     0.53863
229.60     0.54034
229.80      0.5421
230.00      0.5439
230.20     0.54574
230.40      0.5476
230.60     0.54947
230.80     0.55133
231.00     0.55317
231.20     0.55497
231.40      0.5567
231.60     0.55837
231.80     0.55995
232.00     0.56144
232.20     0.56282
232.40     0.56409
232.60     0.56523
232.80     0.56624
233.00     0.56711
233.20     0.56784
233.40     0.56844
233.60     0.56891
233.80     0.56926
234.00      0.5695
234.20     0.56964
234.40     0.56968
234.60     0.56965
234.80     0.56954
235.00     0.56937
235.20     0.56915
235.40     0.56889
235.60     0.56861
235.80     0.56831
236.00     0.56802
236.20     0.56776
236.40     0.56753
236.60     0.56737
236.80     0.56729
237.00     0.56732
237.20     0.56748
237.40     0.56778
237.60     0.56823
237.80     0.56882
238.00     0.56955
238.20     0.57042
238.40     0.57143
238.60     0.57258
238.80     0.57387
239.00     0.57529
239.20     0.57683
239.40     0.57849
239.60     0.58025
239.80      0.5821
240.00     0.58403
240.20     0.58603
240.40     0.58808
240.60     0.59018
240.80     0.59231
241.00     0.59447
241.20     0.59664
241.40     0.59882
241.60       0.601
241.80     0.60318
242.00     0.60536
242.20     0.60753
242.40     0.60969
242.60     0.61185
242.80     0.61399
243.00     0.61613
243.20     0.61825
243.40     0.62036
243.60     0.62246
243.80     0.62454
244.00     0.62661
244.20     0.62866
244.40     0.63069
244.60      0.6327
244.80     0.63468
245.00     0.63662
245.20     0.63853
245.40     0.64038
245.60     0.64219
245.80     0.64393
246.00     0.64562
246.20     0.64722
246.40     0.64874
246.60     0.65018
246.80     0.65153
247.00     0.65278
247.20     0.65393
247.40     0.65498
247.60     0.65593
247.80     0.65677
248.00     0.65752
248.20     0.65818
248.40     0.65878
248.60     0.65932
248.80     0.65982
249.00      0.6603
249.20     0.66077
249.40     0.66126
249.60     0.66178
249.80     0.66234
250.00     0.66296
250.20     0.66365
250.40     0.66442
250.60     0.66526
250.80     0.66619
251.00     0.66719
251.20     0.66825
251.40     0.66937
251.60     0.67054
251.80     0.67175
252.00       0.673
252.20     0.67427
252.40     0.67555
252.60     0.67685
252.80     0.67816
253.00     0.67947
253.20     0.68079
253.40     0.68214
253.60      0.6835
253.80     0.68488
254.00     0.68628
254.20     0.68771
254.40     0.68916
254.60     0.69065
254.80     0.69218
255.00     0.69377
255.20     0.69542
255.40     0.69713
255.60     0.69891
255.80     0.70075
256.00     0.70265
256.20     0.70462
256.40     0.70665
256.60     0.70874
256.80     0.71088
257.00     0.71308
257.20     0.71532
257.40      0.7176
257.60     0.71993
257.80      0.7223
258.00     0.72472
258.20     0.72717
258.40     0.72967
258.60      0.7322
258.80     0.73476
259.00     0.73735
259.20     0.73996
259.40     0.74258
259.60      0.7452
259.80     0.74782
260.00     0.75043
260.20     0.75303
260.40     0.75561
260.60     0.75817
260.80     0.76071
261.00     0.76322
261.20     0.76572
261.40     0.76818
261.60     0.77063
261.80     0.77305
262.00     0.77545
262.20     0.77782
262.40     0.78018
262.60     0.78253
262.80     0.78487
263.00      0.7872
263.20     0.78952
263.40     0.79184
263.60     0.79416
263.80     0.79647
264.00     0.79877
264.20     0.80105
264.40     0.80333
264.60     0.80559
264.80     0.80784
265.00     0.81007
265.20     0.81229
265.40     0.81449
265.60     0.81669
265.80     0.81887
266.00     0.82106
266.20     0.82326
266.40     0.82548
266.60     0.82773
266.80     0.83001
267.00     0.83234
267.20     0.83473
267.40     0.83719
267.60     0.83973
267.80     0.84235
268.00     0.84506
268.20     0.84786
268.40     0.85077
268.60     0.85378
268.80     0.85689
269.00      0.8601
269.20      0.8634
269.40     0.86679
269.60     0.87025
269.80     0.87377
270.00     0.87732
270.20     0.88088
270.40     0.88444
270.60     0.88797
270.80     0.89145
271.00     0.89488
271.20     0.89824
271.40     0.90151
271.60     0.90469
271.80     0.90778
272.00     0.91076
272.20     0.91364
272.40     0.91641
272.60     0.91907
272.80     0.92164
273.00     0.92412
273.20     0.92652
273.40     0.92885
273.60     0.93113
273.80     0.93336
274.00     0.93558
274.20     0.93779
274.40     0.94001
274.60     0.94225
274.80     0.94455
275.00      0.9469
275.20     0.94933
275.40     0.95186
275.60     0.95449
275.80     0.95724
276.00     0.96013
276.20     0.96316
276.40     0.96634
276.60     0.96969
276.80     0.97321
277.00     0.97691
277.20     0.98077
277.40      0.9848
277.60     0.98899
277.80     0.99332
278.00     0.99779
278.20      1.0024
278.40      1.0071
278.60      1.0118
278.80      1.0167
279.00      1.0216
279.20      1.0266
279.40      1.0317
279.60      1.0367
279.80      1.0418
280.00      1.0469
280.20       1.052
280.40      1.0571
280.60      1.0623
280.80      1.0674
281.00      1.0724
281.20      1.0775
281.40      1.0825
281.60      1.0875
281.80      1.0925
282.00      1.0974
282.20      1.1022
282.40       1.107
282.60      1.1117
282.80      1.1164
283.00      1.1209
283.20      1.1255
283.40      1.1299
283.60      1.1342
283.80      1.1385
284.00      1.1427
284.20      1.1469
284.40       1.151
284.60      1.1551
284.80      1.1592
285.00      1.1633
285.20      1.1674
285.40      1.1717
285.60       1.176
285.80      1.1804
286.00       1.185
286.20      1.1897
286.40      1.1945
286.60      1.1995
286.80      1.2047
287.00      1.2101
287.20      1.2156
287.40      1.2213
287.60      1.2273
287.80      1.2333
288.00      1.2396
288.20       1.246
288.40      1.2526
288.60      1.2593
288.80      1.2662
289.00      1.2732
289.20      1.2803
289.40      1.2875
289.60      1.2948
289.80       1.302
290.00      1.3094
290.20      1.3166
290.40      1.3239
290.60      1.3311
290.80      1.3382
291.00      1.3453
291.20      1.3522
291.40       1.359
291.60      1.3656
291.80      1.3722
292.00      1.3786
292.20      1.3849
292.40      1.3911
292.60      1.3972
292.80      1.4032
293.00      1.4091
293.20      1.4151
293.40      1.4209
293.60      1.4268
293.80      1.4327
294.00      1.4386
294.20      1.4445
294.40      1.4504
294.60      1.4563
294.80      1.4623
295.00      1.4684
295.20      1.4744
295.40      1.4805
295.60      1.4867
295.80      1.4929
296.00      1.4991
296.20      1.5053
296.40      1.5116
296.60      1.5178
296.80      1.5241
297.00      1.5304
297.20      1.5368
297.40      1.5432
297.60      1.5496
297.80       1.556
298.00      1.5626
298.20      1.5692
298.40      1.5759
298.60      1.5826
298.80      1.5895
299.00      1.5965
299.20      1.6036
299.40      1.6108
299.60      1.6182
299.80      1.6257
300.00      1.6333
300.20      1.6411
300.40       1.649
300.60       1.657
300.80      1.6651
301.00      1.6733
301.20      1.6816
301.40        1.69
301.60      1.6985
301.80       1.707
302.00      1.7156
302.20      1.7242
302.40      1.7329
302.60      1.7416
302.80      1.7503
303.00       1.759
303.20      1.7679
303.40      1.7768
303.60      1.7857
303.80      1.7948
304.00      1.8039
304.20      1.8131
304.40      1.8225
304.60       1.832
304.80      1.8416
305.00      1.8514
305.20      1.8612
305.40      1.8712
305.60      1.8814
305.80      1.8916
306.00      1.9019
306.20      1.9124
306.40      1.9229
306.60      1.9335
306.80      1.9442
307.00      1.9549
307.20      1.9657
307.40      1.9765
307.60      1.9873
307.80      1.9981
308.00       2.009
308.20      2.0199
308.40      2.0308
308.60      2.0418
308.80      2.0528
309.00      2.0639
309.20       2.075
309.40      2.0862
309.60      2.0975
309.80      2.1089
310.00      2.1205
310.20      2.1322
310.40      2.1442
310.60      2.1564
310.80      2.1688
311.00      2.1815
311.20      2.1945
311.40      2.2078
311.60      2.2213
311.80      2.2351
312.00      2.2492
312.20      2.2636
312.40      2.2782
312.60       2.293
312.80       2.308
313.00      2.3232
313.20      2.3386
313.40      2.3541
313.60      2.3698
313.80      2.3856
314.00      2.4016
314.20      2.4176
314.40      2.4338
314.60        2.45
314.80      2.4664
315.00      2.4828
315.20      2.4994
315.40       2.516
315.60      2.5328
315.80      2.5496
316.00      2.5666
316.20      2.5837
316.40      2.6009
316.60      2.6182
316.80      2.6357
317.00      2.6533
317.20       2.671
317.40      2.6888
317.60      2.7068
317.80      2.7249
318.00       2.743
318.20      2.7613
318.40      2.7797
318.60      2.7981
318.80      2.8167
319.00      2.8353
319.20      2.8539
319.40      2.8726
319.60      2.8914
319.80      2.9102
320.00      2.9291
320.20      2.9481
320.40      2.9671
320.60      2.9862
320.80      3.0054
321.00      3.0246
321.20       3.044
321.40      3.0635
321.60      3.0832
321.80       3.103
322.00       3.123
322.20      3.1433
322.40      3.1637
322.60      3.1844
322.80      3.2054
323.00      3.2266
323.20       3.248
323.40      3.2697
323.60      3.2917
323.80       3.314
324.00      3.3366
324.20      3.3595
324.40      3.3827
324.60      3.4062
324.80        3.43
325.00      3.4541
325.20      3.4785
325.40      3.5032
325.60      3.5282
325.80      3.5534
326.00      3.5789
326.20      3.6046
326.40      3.6305
326.60      3.6567
326.80       3.683
327.00      3.7095
327.20      3.7363
327.40      3.7632
327.60      3.7902
327.80      3.8175
328.00      3.8449
328.20      3.8725
328.40      3.9003
328.60      3.9284
328.80      3.9566
329.00      3.9851
329.20      4.0139
329.40      4.0429
329.60      4.0723
329.80       4.102
330.00      4.1322
330.20      4.1628
330.40      4.1939
330.60      4.2255
330.80      4.2576
331.00      4.2902
331.20      4.3235
331.40      4.3574
331.60       4.392
331.80      4.4272
332.00      4.4632
332.20         4.5
332.40      4.5375
332.60      4.5757
332.80      4.6148
333.00      4.6546
333.20      4.6952
333.40      4.7366
333.60      4.7786
333.80      4.8212
334.00      4.8643
334.20      4.9079
334.40      4.9519
334.60      4.9961
334.80      5.0405
335.00      5.0849
335.20      5.1293
335.40      5.1734
335.60      5.2172
335.80      5.2607
336.00      5.3037
336.20      5.3463
336.40      5.3883
336.60      5.4298
336.80      5.4707
337.00      5.5111
337.20       5.551
337.40      5.5905
337.60      5.6295
337.80      5.6682
338.00      5.7066
338.20      5.7448
338.40      5.7829
338.60      5.8208
338.80      5.8586
339.00      5.8965
339.20      5.9344
339.40      5.9725
339.60      6.0106
339.80      6.0489
340.00      6.0874
340.20      6.1261
340.40      6.1651
340.60      6.2043
340.80      6.2437
341.00      6.2834
341.20      6.3234
341.40      6.3635
341.60       6.404
341.80      6.4446
342.00      6.4854
342.20      6.5265
342.40      6.5676
342.60       6.609
342.80      6.6505
343.00      6.6921
343.20      6.7338
343.40      6.7756
343.60      6.8176
343.80      6.8596
344.00      6.9017
344.20      6.9439
344.40      6.9863
344.60      7.0287
344.80      7.0712
345.00      7.1139
345.20      7.1567
345.40      7.1996
345.60      7.2427
345.80      7.2859
346.00      7.3293
346.20      7.3728
346.40      7.4165
346.60      7.4603
346.80      7.5043
347.00      7.5485
347.20      7.5928
347.40      7.6373
347.60      7.6821
347.80       7.727
348.00      7.7721
348.20      7.8175
348.40      7.8632
348.60      7.9093
348.80      7.9558
349.00      8.0026
349.20        8.05
349.40      8.0979
349.60      8.1464
349.80      8.1956
350.00      8.2455
350.20      8.2963
350.40      8.3478
350.60      8.4004
350.80      8.4539
351.00      8.5086
351.20      8.5644
351.40      8.6215
351.60        8.68
351.80      8.7398
352.00      8.8011
352.20      8.8639
352.40      8.9284
352.60      8.9945
352.80      9.0624
353.00      9.1321
353.20      9.2038
353.40      9.2775
353.60      9.3533
353.80      9.4314
354.00      9.5118
354.20      9.5947
354.40      9.6802
354.60      9.7684
354.80      9.8594
355.00      9.9533
355.20       10.05
355.40       10.15
355.60      10.254
355.80      10.361
356.00      10.471
356.20      10.585
356.40      10.702
356.60      10.824
356.80      10.949
357.00      11.078
357.20      11.211
357.40      11.348
357.60      11.489
357.80      11.634
358.00      11.783
358.20      11.937
358.40      12.094
358.60      12.256
358.80      12.422
359.00      12.591
359.20      12.765
359.40      12.943
359.60      13.124
359.80       13.31
360.00      13.499
360.20      13.692
360.40      13.889
360.60      14.089
360.80      14.292
361.00      14.499
361.20       14.71
361.40      14.923
361.60      15.139
361.80      15.359
362.00      15.581
362.20      15.807
362.40      16.035
362.60      16.265
362.80      16.499
363.00      16.734
363.20      16.972
363.40      17.212
363.60      17.455
363.80      17.699
364.00      17.945
364.20      18.193
364.40      18.442
364.60      18.692
364.80      18.943
365.00      19.195
365.20      19.447
365.40        19.7
365.60      19.952
365.80      20.204
366.00      20.455
366.20      20.705
366.40      20.953
366.60      21.199
366.80      21.442
367.00      21.683
367.20      21.921
367.40      22.154
367.60      22.384
367.80      22.609
368.00      22.829
368.20      23.044
368.40      23.253
368.60      23.456
368.80      23.652
369.00      23.841
369.20      24.023
369.40      24.197
369.60      24.364
369.80      24.521
370.00      24.671
370.20      24.811
370.40      24.943
370.60      25.065
370.80      25.178
371.00      25.281
371.20      25.375
371.40      25.459
371.60      25.534
371.80      25.598
372.00      25.654
372.20        25.7
372.40      25.736
372.60      25.763
372.80      25.781
373.00      25.791
373.20      25.791
373.40      25.784
373.60      25.768
373.80      25.745
374.00      25.715
374.20      25.677
374.40      25.632
374.60      25.581
374.80      25.524
375.00       25.46
375.20      25.391
375.40      25.317
375.60      25.238
375.80      25.155
376.00      25.067
376.20      24.975
376.40      24.879
376.60      24.779
376.80      24.677
377.00      24.571
377.20      24.462
377.40      24.351
377.60      24.238
377.80      24.122
378.00      24.005
378.20      23.885
378.40      23.764
378.60      23.642
378.80      23.518
379.00      23.393
379.20      23.267
379.40       23.14
379.60      23.012
379.80      22.883
380.00      22.754
380.20      22.624
380.40      22.493
380.60      22.362
380.80      22.231
381.00      22.099
381.20      21.968
381.40      21.836
381.60      21.704
381.80      21.572
382.00       21.44
382.20      21.308
382.40      21.176
382.60      21.044
382.80      20.913
383.00      20.782
383.20      20.651
383.40       20.52
383.60       20.39
383.80      20.259
384.00       20.13
384.20      20.001
384.40      19.872
384.60      19.743
384.80      19.616
385.00      19.488
385.20      19.362
385.40      19.236
385.60       19.11
385.80      18.985
386.00      18.861
386.20      18.737
386.40      18.614
386.60      18.492
386.80       18.37
387.00      18.249
387.20      18.129
387.40      18.009
387.60       17.89
387.80      17.771
388.00      17.653
388.20      17.536
388.40       17.42
388.60      17.303
388.80      17.188
389.00      17.073
389.20      16.959
389.40      16.845
389.60      16.732
389.80       16.62
390.00      16.508
390.20      16.397
390.40      16.286
390.60      16.176
390.80      16.066
391.00      15.957
391.20      15.849
391.40      15.741
391.60      15.634
391.80      15.528
392.00      15.422
392.20      15.317
392.40      15.213
392.60      15.109
392.80      15.006
393.00      14.904
393.20      14.802
393.40      14.702
393.60      14.602
393.80      14.502
394.00      14.404
394.20      14.306
394.40      14.209
394.60      14.113
394.80      14.017
395.00      13.922
395.20      13.828
395.40      13.735
395.60      13.642
395.80       13.55
396.00      13.459
396.20      13.368
396.40      13.278
396.60      13.189
396.80        13.1
397.00      13.013
397.20      12.925
397.40      12.839
397.60      12.753
397.80      12.668
398.00      12.584
398.20        12.5
398.40      12.417
398.60      12.335
398.80      12.254
399.00      12.173
399.20      12.092
399.40      12.013
399.60      11.934
399.80      11.855
400.00      11.778
400.20      11.701
400.40      11.624
400.60      11.548
400.80      11.473
401.00      11.398
401.20      11.324
401.40       11.25
401.60      11.177
401.80      11.104
402.00      11.032
402.20       10.96
402.40      10.889
402.60      10.819
402.80      10.748
403.00      10.679
403.20       10.61
403.40      10.541
403.60      10.473
403.80      10.406
404.00      10.339
404.20      10.273
404.40      10.207
404.60      10.142
404.80      10.077
405.00      10.013
405.20      9.9494
405.40      9.8865
405.60      9.8241
405.80      9.7624
406.00      9.7012
406.20      9.6407
406.40      9.5808
406.60      9.5214
406.80      9.4627
407.00      9.4046
407.20      9.3471
407.40      9.2901
407.60      9.2338
407.80       9.178
408.00      9.1228
408.20      9.0682
408.40      9.0141
408.60      8.9605
408.80      8.9075
409.00       8.855
409.20       8.803
409.40      8.7515
409.60      8.7004
409.80      8.6498
410.00      8.5996
410.20      8.5498
410.40      8.5004
410.60      8.4514
410.80      8.4027
411.00      8.3543
411.20      8.3062
411.40      8.2584
411.60      8.2109
411.80      8.1636
412.00      8.1166
412.20      8.0698
412.40      8.0232
412.60      7.9768
412.80      7.9306
413.00      7.8847
413.20       7.839
413.40      7.7935
413.60      7.7483
413.80      7.7034
414.00      7.6587
414.20      7.6144
414.40      7.5704
414.60      7.5267
414.80      7.4834
415.00      7.4404
415.20      7.3978
415.40      7.3556
415.60      7.3138
415.80      7.2725
416.00      7.2315
416.20       7.191
416.40      7.1508
416.60      7.1111
416.80      7.0718
417.00       7.033
417.20      6.9945
417.40      6.9565
417.60      6.9188
417.80      6.8815
418.00      6.8446
418.20       6.808
418.40      6.7718
418.60      6.7358
418.80      6.7001
419.00      6.6647
419.20      6.6295
419.40      6.5945
419.60      6.5598
419.80      6.5252
420.00      6.4909
420.20      6.4567
420.40      6.4228
420.60       6.389
420.80      6.3555
421.00      6.3221
421.20       6.289
421.40      6.2561
421.60      6.2234
421.80       6.191
422.00      6.1589
422.20      6.1271
422.40      6.0955
422.60      6.0643
422.80      6.0333
423.00      6.0027
423.20      5.9725
423.40      5.9425
423.60      5.9129
423.80      5.8836
424.00      5.8546
424.20      5.8259
424.40      5.7975
424.60      5.7693
424.80      5.7414
425.00      5.7138
425.20      5.6864
425.40      5.6592
425.60      5.6323
425.80      5.6055
426.00       5.579
426.20      5.5528
426.40      5.5268
426.60       5.501
426.80      5.4754
427.00      5.4501
427.20       5.425
427.40      5.4001
427.60      5.3755
427.80      5.3511
428.00      5.3268
428.20      5.3028
428.40       5.279
428.60      5.2553
428.80      5.2317
429.00      5.2083
429.20       5.185
429.40      5.1618
429.60      5.1388
429.80      5.1158
430.00       5.093
430.20      5.0703
430.40      5.0476
430.60      5.0251
430.80      5.0027
431.00      4.9803
431.20      4.9581
431.40       4.936
431.60       4.914
431.80      4.8921
432.00      4.8703
432.20      4.8486
432.40       4.827
432.60      4.8056
432.80      4.7843
433.00      4.7631
433.20       4.742
433.40      4.7211
433.60      4.7003
433.80      4.6797
434.00      4.6592
434.20      4.6388
434.40      4.6185
434.60      4.5984
434.80      4.5785
435.00      4.5586
435.20       4.539
435.40      4.5194
435.60         4.5
435.80      4.4808
436.00      4.4618
436.20       4.443
436.40      4.4243
436.60      4.4059
436.80      4.3876
437.00      4.3695
437.20      4.3517
437.40       4.334
437.60      4.3165
437.80      4.2993
438.00      4.2822
438.20      4.2654
438.40      4.2488
438.60      4.2324
438.80      4.2162
439.00      4.2002
439.20      4.1844
439.40      4.1688
439.60      4.1533
439.80       4.138
440.00      4.1229
440.20      4.1078
440.40      4.0929
440.60       4.078
440.80      4.0633
441.00      4.0485
441.20      4.0338
441.40      4.0191
441.60      4.0044
441.80      3.9897
442.00      3.9749
442.20      3.9601
442.40      3.9453
442.60      3.9305
442.80      3.9156
443.00      3.9008
443.20      3.8859
443.40      3.8709
443.60       3.856
443.80      3.8411
444.00      3.8263
444.20      3.8114
444.40      3.7966
444.60      3.7819
444.80      3.7673
445.00      3.7528
445.20      3.7383
445.40      3.7241
445.60        3.71
445.80       3.696
446.00      3.6823
446.20      3.6687
446.40      3.6554
446.60      3.6422
446.80      3.6293
447.00      3.6165
447.20       3.604
447.40      3.5917
447.60      3.5796
447.80      3.5677
448.00       3.556
448.20      3.5445
448.40      3.5332
448.60      3.5221
448.80      3.5112
449.00      3.5005
449.20      3.4899
449.40      3.4794
449.60       3.469
449.80      3.4588
450.00      3.4486
450.20      3.4385
450.40      3.4284
450.60      3.4184
450.80      3.4084
451.00      3.3985
451.20      3.3886
451.40      3.3787
451.60      3.3688
451.80      3.3589
452.00       3.349
452.20      3.3392
452.40      3.3293
452.60      3.3195
452.80      3.3097
453.00      3.2999
453.20      3.2901
453.40      3.2804
453.60      3.2707
453.80       3.261
454.00      3.2513
454.20      3.2417
454.40      3.2322
454.60      3.2226
454.80      3.2131
455.00      3.2037
455.20      3.1942
455.40      3.1848
455.60      3.1753
455.80      3.1658
456.00      3.1563
456.20      3.1467
456.40      3.1372
456.60      3.1275
456.80      3.1179
457.00      3.1082
457.20      3.0986
457.40      3.0889
457.60      3.0793
457.80      3.0697
458.00      3.0601
458.20      3.0507
458.40      3.0413
458.60       3.032
458.80      3.0228
459.00      3.0138
459.20      3.0049
459.40      2.9962
459.60      2.9876
459.80      2.9791
460.00      2.9708
460.20      2.9626
460.40      2.9545
460.60      2.9466
460.80      2.9388
461.00      2.9311
461.20      2.9235
461.40       2.916
461.60      2.9086
461.80      2.9013
462.00      2.8941
462.20       2.887
462.40      2.8799
462.60      2.8729
462.80      2.8659
463.00       2.859
463.20      2.8521
463.40      2.8452
463.60      2.8384
463.80      2.8316
464.00      2.8248
464.20      2.8181
464.40      2.8113
464.60      2.8046
464.80       2.798
465.00      2.7914
465.20      2.7848
465.40      2.7782
465.60      2.7717
465.80      2.7652
466.00      2.7587
466.20      2.7523
466.40      2.7458
466.60      2.7394
466.80      2.7329
467.00      2.7264
467.20      2.7198
467.40      2.7132
467.60      2.7065
467.80      2.6997
468.00      2.6927
468.20      2.6857
468.40      2.6786
468.60      2.6714
468.80      2.6641
469.00      2.6567
469.20      2.6493
469.40      2.6418
469.60      2.6342
469.80      2.6267
470.00      2.6192
470.20      2.6117
470.40      2.6042
470.60      2.5968
470.80      2.5895
471.00      2.5824
471.20      2.5754
471.40      2.5685
471.60      2.5618
471.80      2.5553
472.00      2.5491
472.20       2.543
472.40      2.5372
472.60      2.5316
472.80      2.5262
473.00      2.5211
473.20      2.5162
473.40      2.5115
473.60      2.5071
473.80      2.5028
474.00      2.4987
474.20      2.4947
474.40      2.4908
474.60      2.4871
474.80      2.4834
475.00      2.4797
475.20       2.476
475.40      2.4723
475.60      2.4685
475.80      2.4646
476.00      2.4607
476.20      2.4566
476.40      2.4524
476.60      2.4481
476.80      2.4437
477.00      2.4391
477.20      2.4345
477.40      2.4297
477.60      2.4248
477.80      2.4198
478.00      2.4148
478.20      2.4097
478.40      2.4045
478.60      2.3994
478.80      2.3942
479.00       2.389
479.20      2.3839
479.40      2.3787
479.60      2.3736
479.80      2.3685
480.00      2.3634
480.20      2.3584
480.40      2.3533
480.60      2.3483
480.80      2.3433
481.00      2.3384
481.20      2.3334
481.40      2.3285
481.60      2.3236
481.80      2.3186
482.00      2.3137
482.20      2.3088
482.40       2.304
482.60      2.2991
482.80      2.2943
483.00      2.2896
483.20       2.285
483.40      2.2804
483.60       2.276
483.80      2.2716
484.00      2.2674
484.20      2.2633
484.40      2.2593
484.60      2.2554
484.80      2.2517
485.00       2.248
485.20      2.2445
485.40      2.2411
485.60      2.2378
485.80      2.2345
486.00      2.2314
486.20      2.2283
486.40      2.2253
486.60      2.2223
486.80      2.2193
487.00      2.2164
487.20      2.2135
487.40      2.2106
487.60      2.2077
487.80      2.2048
488.00      2.2019
488.20       2.199
488.40      2.1961
488.60      2.1932
488.80      2.1902
489.00      2.1872
489.20      2.1842
489.40      2.1812
489.60      2.1782
489.80      2.1751
490.00       2.172
490.20      2.1689
490.40      2.1657
490.60      2.1625
490.80      2.1592
491.00      2.1559
491.20      2.1524
491.40      2.1489
491.60      2.1454
491.80      2.1417
492.00      2.1379
492.20      2.1341
492.40      2.1302
492.60      2.1262
492.80      2.1222
493.00      2.1181
493.20      2.1139
493.40      2.1097
493.60      2.1055
493.80      2.1013
494.00       2.097
494.20      2.0928
494.40      2.0886
494.60      2.0843
494.80      2.0802
495.00       2.076
495.20       2.072
495.40      2.0679
495.60      2.0639
495.80        2.06
496.00      2.0562
496.20      2.0523
496.40      2.0486
496.60      2.0448
496.80      2.0411
497.00      2.0375
497.20      2.0339
497.40      2.0304
497.60      2.0268
497.80      2.0233
498.00      2.0198
498.20      2.0164
498.40      2.0129
498.60      2.0094
498.80      2.0059
499.00      2.0024
499.20      1.9989
499.40      1.9954
499.60      1.9919
499.80      1.9883
500.00      1.9847
500.20      1.9811
500.40      1.9775
500.60      1.9738
500.80      1.9701
501.00      1.9664
501.20      1.9626
501.40      1.9588
501.60      1.9549
501.80       1.951
502.00       1.947
502.20       1.943
502.40       1.939
502.60      1.9348
502.80      1.9307
503.00      1.9265
503.20      1.9222
503.40       1.918
503.60      1.9137
503.80      1.9094
504.00      1.9051
504.20      1.9008
504.40      1.8965
504.60      1.8922
504.80      1.8879
505.00      1.8836
505.20      1.8793
505.40      1.8751
505.60      1.8708
505.80      1.8666
506.00      1.8623
506.20      1.8581
506.40      1.8539
506.60      1.8496
506.80      1.8454
507.00      1.8411
507.20      1.8368
507.40      1.8325
507.60      1.8281
507.80      1.8238
508.00      1.8194
508.20       1.815
508.40      1.8106
508.60      1.8061
508.80      1.8016
509.00      1.7971
509.20      1.7926
509.40      1.7881
509.60      1.7836
509.80      1.7791
510.00      1.7746
510.20      1.7701
510.40      1.7656
510.60      1.7611
510.80      1.7566
511.00      1.7521
511.20      1.7476
511.40      1.7431
511.60      1.7385
511.80      1.7339
512.00      1.7293
512.20      1.7247
512.40        1.72
512.60      1.7152
512.80      1.7104
513.00      1.7055
513.20      1.7005
513.40      1.6955
513.60      1.6905
513.80      1.6854
514.00      1.6803
514.20      1.6752
514.40        1.67
514.60      1.6649
514.80      1.6598
515.00      1.6548
515.20      1.6498
515.40      1.6449
515.60      1.6401
515.80      1.6353
516.00      1.6307
516.20      1.6261
516.40      1.6216
516.60      1.6172
516.80      1.6128
517.00      1.6085
517.20      1.6042
517.40         1.6
517.60      1.5958
517.80      1.5916
518.00      1.5874
518.20      1.5831
518.40      1.5788
518.60      1.5745
518.80      1.5701
519.00      1.5655
519.20      1.5609
519.40      1.5561
519.60      1.5512
519.80      1.5462
520.00       1.541
520.20      1.5357
520.40      1.5302
520.60      1.5246
520.80      1.5188
521.00      1.5128
521.20      1.5067
521.40      1.5005
521.60      1.4941
521.80      1.4876
522.00      1.4809
522.20      1.4742
522.40      1.4674
522.60      1.4605
522.80      1.4535
523.00      1.4466
523.20      1.4396
523.40      1.4326
523.60      1.4256
523.80      1.4187
524.00      1.4118
524.20      1.4051
524.40      1.3984
524.60      1.3918
524.80      1.3853
525.00       1.379
525.20      1.3727
525.40      1.3666
525.60      1.3606
525.80      1.3547
526.00      1.3489
526.20      1.3433
526.40      1.3378
526.60      1.3324
526.80      1.3271
527.00      1.3219
527.20      1.3169
527.40       1.312
527.60      1.3072
527.80      1.3025
528.00      1.2979
528.20      1.2934
528.40      1.2891
528.60      1.2848
528.80      1.2807
529.00      1.2767
529.20      1.2727
529.40      1.2689
529.60      1.2651
529.80      1.2615
530.00      1.2579
530.20      1.2543
530.40      1.2509
530.60      1.2475
530.80      1.2442
531.00       1.241
531.20      1.2378
531.40      1.2347
531.60      1.2316
531.80      1.2285
532.00      1.2255
532.20      1.2225
532.40      1.2195
532.60      1.2165
532.80      1.2135
533.00      1.2104
533.20      1.2074
533.40      1.2043
533.60      1.2012
533.80       1.198
534.00      1.1948
534.20      1.1915
534.40      1.1881
534.60      1.1847
534.80      1.1812
535.00      1.1776
535.20       1.174
535.40      1.1702
535.60      1.1664
535.80      1.1625
536.00      1.1586
536.20      1.1546
536.40      1.1505
536.60      1.1463
536.80      1.1421
537.00      1.1378
537.20      1.1335
537.40      1.1292
537.60      1.1248
537.80      1.1204
538.00       1.116
538.20      1.1116
538.40      1.1072
538.60      1.1027
538.80      1.0983
539.00      1.0939
539.20      1.0895
539.40      1.0852
539.60      1.0808
539.80      1.0765
540.00      1.0722
540.20       1.068
540.40      1.0638
540.60      1.0596
540.80      1.0556
541.00      1.0516
541.20      1.0477
541.40      1.0439
541.60      1.0402
541.80      1.0365
542.00      1.0329
542.20      1.0294
542.40       1.026
542.60      1.0227
542.80      1.0194
543.00      1.0162
543.20      1.0131
543.40        1.01
543.60      1.0071
543.80      1.0042
544.00      1.0015
544.20      0.9988
544.40     0.99621
544.60     0.99372
544.80     0.99132
545.00     0.98902
545.20     0.98681
545.40     0.98469
545.60     0.98267
545.80     0.98075
546.00     0.97891
546.20     0.97716
546.40     0.97548
546.60     0.97389
546.80     0.97238
547.00     0.97095
547.20      0.9696
547.40     0.96833
547.60     0.96712
547.80     0.96599
548.00     0.96492
548.20     0.96393
548.40     0.96302
548.60     0.96218
548.80     0.96139
549.00     0.96067
549.20     0.95999
549.40     0.95934
549.60     0.95872
549.80     0.95811
550.00      0.9575
550.20     0.95688
550.40     0.95626
550.60     0.95563
550.80     0.95499
551.00     0.95435
551.20     0.95371
551.40     0.95309
551.60     0.95249
551.80     0.95191
552.00     0.95135
552.20      0.9508
552.40     0.95026
552.60     0.94971
552.80     0.94917
553.00     0.94861
553.20     0.94804
553.40     0.94745
553.60     0.94683
553.80     0.94619
554.00     0.94554
554.20     0.94487
554.40     0.94421
554.60     0.94356
554.80     0.94295
555.00     0.94237
555.20     0.94184
555.40     0.94137
555.60     0.94094
555.80     0.94057
556.00     0.94025
556.20     0.93998
556.40     0.93976
556.60      0.9396
556.80     0.93948
557.00     0.93942
557.20      0.9394
557.40     0.93944
557.60     0.93952
557.80     0.93966
558.00     0.93986
558.20     0.94012
558.40     0.94043
558.60     0.94082
558.80     0.94127
559.00     0.94178
559.20     0.94237
559.40     0.94302
559.60     0.94374
559.80     0.94451
560.00     0.94532
560.20     0.94617
560.40     0.94704
560.60     0.94792
560.80     0.94881
561.00     0.94971
561.20     0.95061
561.40     0.95153
561.60     0.95245
561.80     0.95337
562.00     0.95429
562.20     0.95521
562.40     0.95612
562.60     0.95701
562.80     0.95791
563.00     0.95881
563.20     0.95974
563.40     0.96069
563.60     0.96169
563.80     0.96274
564.00     0.96386
564.20     0.96505
564.40     0.96632
564.60     0.96766
564.80     0.96908
565.00     0.97056
565.20     0.97209
565.40     0.97369
565.60     0.97533
565.80       0.977
566.00      0.9787
566.20     0.98041
566.40     0.98212
566.60     0.98381
566.80     0.98547
567.00     0.98708
567.20     0.98863
567.40     0.99011
567.60     0.99151
567.80     0.99283
568.00     0.99404
568.20     0.99513
568.40     0.99611
568.60     0.99696
568.80     0.99769
569.00      0.9983
569.20      0.9988
569.40      0.9992
569.60      0.9995
569.80     0.99971
570.00     0.99985
570.20     0.99993
570.40     0.99995
570.60     0.99994
570.80     0.99989
571.00     0.99982
571.20     0.99975
571.40     0.99969
571.60     0.99963
571.80     0.99961
572.00     0.99963
572.20      0.9997
572.40     0.99984
572.60      1.0001
572.80      1.0004
573.00      1.0008
573.20      1.0013
573.40       1.002
573.60      1.0028
573.80      1.0038
574.00       1.005
574.20      1.0062
574.40      1.0077
574.60      1.0093
574.80      1.0111
575.00      1.0129
575.20      1.0149
575.40      1.0169
575.60       1.019
575.80      1.0212
576.00      1.0233
576.20      1.0255
576.40      1.0276
576.60      1.0297
576.80      1.0317
577.00      1.0336
577.20      1.0354
577.40      1.0371
577.60      1.0386
577.80      1.0401
578.00      1.0414
578.20      1.0425
578.40      1.0435
578.60      1.0443
578.80       1.045
579.00      1.0456
579.20       1.046
579.40      1.0462
579.60      1.0464
579.80      1.0464
580.00      1.0464
580.20      1.0464
580.40      1.0463
580.60      1.0463
580.80      1.0463
581.00      1.0464
581.20      1.0465
581.40      1.0467
581.60      1.0469
581.80      1.0472
582.00      1.0475
582.20      1.0478
582.40      1.0481
582.60      1.0485
582.80      1.0489
583.00      1.0493
583.20      1.0497
583.40      1.0501
583.60      1.0506
583.80      1.0511
584.00      1.0516
584.20      1.0522
584.40      1.0528
584.60      1.0534
584.80       1.054
585.00      1.0547
585.20      1.0554
585.40      1.0561
585.60      1.0567
585.80      1.0574
586.00       1.058
586.20      1.0585
586.40       1.059
586.60      1.0595
586.80        1.06
587.00      1.0604
587.20      1.0607
587.40      1.0611
587.60      1.0614
587.80      1.0617
588.00       1.062
588.20      1.0622
588.40      1.0624
588.60      1.0626
588.80      1.0627
589.00      1.0627
589.20      1.0627
589.40      1.0626
589.60      1.0624
589.80      1.0623
590.00       1.062
590.20      1.0618
590.40      1.0616
590.60      1.0614
590.80      1.0612
591.00       1.061
591.20      1.0608
591.40      1.0607
591.60      1.0606
591.80      1.0605
592.00      1.0605
592.20      1.0605
592.40      1.0606
592.60      1.0607
592.80      1.0609
593.00      1.0612
593.20      1.0616
593.40      1.0621
593.60      1.0627
593.80      1.0634
594.00      1.0642
594.20      1.0652
594.40      1.0662
594.60      1.0673
594.80      1.0684
595.00      1.0696
595.20      1.0709
595.40      1.0722
595.60      1.0734
595.80      1.0747
596.00      1.0759
596.20      1.0771
596.40      1.0783
596.60      1.0793
596.80      1.0803
597.00      1.0812
597.20       1.082
597.40      1.0828
597.60      1.0834
597.80      1.0839
598.00      1.0843
598.20      1.0845
598.40      1.0846
598.60      1.0845
598.80      1.0842
599.00      1.0837
599.20      1.0831
599.40      1.0824
599.60      1.0815
599.80      1.0805
600.00      1.0794
600.20      1.0782
600.40       1.077
600.60      1.0757
600.80      1.0745
601.00      1.0732
601.20      1.0719
601.40      1.0707
601.60      1.0695
601.80      1.0683
602.00      1.0672
602.20      1.0661
602.40      1.0651
602.60      1.0642
602.80      1.0633
603.00      1.0625
603.20      1.0618
603.40      1.0611
603.60      1.0604
603.80      1.0598
604.00      1.0592
604.20      1.0586
604.40       1.058
604.60      1.0573
604.80      1.0567
605.00      1.0559
605.20      1.0552
605.40      1.0544
605.60      1.0536
605.80      1.0527
606.00      1.0519
606.20       1.051
606.40      1.0502
606.60      1.0493
606.80      1.0485
607.00      1.0476
607.20      1.0468
607.40      1.0459
607.60      1.0452
607.80      1.0444
608.00      1.0437
608.20      1.0431
608.40      1.0425
608.60      1.0419
608.80      1.0414
609.00       1.041
609.20      1.0406
609.40      1.0402
609.60      1.0399
609.80      1.0395
610.00      1.0392
610.20      1.0388
610.40      1.0384
610.60       1.038
610.80      1.0376
611.00      1.0371
611.20      1.0366
611.40      1.0361
611.60      1.0355
611.80       1.035
612.00      1.0344
612.20      1.0338
612.40      1.0333
612.60      1.0328
612.80      1.0323
613.00      1.0319
613.20      1.0315
613.40      1.0312
613.60      1.0309
613.80      1.0307
614.00      1.0305
614.20      1.0304
614.40      1.0303
614.60      1.0302
614.80      1.0301
615.00      1.0301
615.20      1.0301
615.40      1.0301
615.60      1.0301
615.80        1.03
616.00        1.03
616.20      1.0299
616.40      1.0299
616.60      1.0298
616.80      1.0296
617.00      1.0294
617.20      1.0292
617.40      1.0289
617.60      1.0286
617.80      1.0282
618.00      1.0277
618.20      1.0272
618.40      1.0266
618.60       1.026
618.80      1.0253
619.00      1.0246
619.20      1.0239
619.40      1.0232
619.60      1.0224
619.80      1.0216
620.00      1.0208
620.20      1.0199
620.40       1.019
620.60       1.018
620.80       1.017
621.00      1.0159
621.20      1.0147
621.40      1.0134
621.60      1.0121
621.80      1.0107
622.00      1.0093
622.20      1.0078
622.40      1.0063
622.60      1.0048
622.80      1.0033
623.00      1.0018
623.20      1.0004
623.40     0.99904
623.60     0.99776
623.80     0.99658
624.00     0.99552
624.20     0.99458
624.40     0.99379
624.60     0.99314
624.80     0.99263
625.00     0.99225
625.20     0.99201
625.40     0.99188
625.60     0.99187
625.80     0.99196
626.00     0.99213
626.20     0.99238
626.40     0.99266
626.60     0.99298
626.80     0.99331
627.00     0.99361
627.20     0.99385
627.40     0.99402
627.60     0.99407
627.80     0.99399
628.00     0.99376
628.20     0.99338
628.40     0.99283
628.60     0.99213
628.80     0.99128
629.00     0.99029
629.20     0.98916
629.40     0.98792
629.60     0.98655
629.80     0.98508
630.00     0.98352
630.20     0.98187
630.40     0.98017
630.60     0.97842
630.80     0.97663
631.00     0.97482
631.20     0.97301
631.40     0.97121
631.60     0.96942
631.80     0.96766
632.00     0.96594
632.20     0.96426
632.40     0.96264
632.60     0.96107
632.80     0.95955
633.00     0.95808
633.20     0.95667
633.40      0.9553
633.60     0.95398
633.80     0.95273
634.00     0.95154
634.20     0.95041
634.40     0.94934
634.60     0.94835
634.80     0.94741
635.00     0.94654
635.20     0.94575
635.40     0.94503
635.60      0.9444
635.80     0.94388
636.00     0.94347
636.20     0.94319
636.40     0.94305
636.60     0.94304
636.80     0.94316
637.00     0.94341
637.20     0.94378
637.40     0.94427
637.60     0.94485
637.80     0.94551
638.00     0.94623
638.20     0.94701
638.40     0.94784
638.60     0.94872
638.80     0.94965
639.00     0.95063
639.20     0.95166
639.40     0.95273
639.60     0.95386
639.80     0.95504
640.00     0.95625
640.20      0.9575
640.40     0.95879
640.60     0.96012
640.80      0.9615
641.00     0.96293
641.20     0.96441
641.40     0.96595
641.60     0.96754
641.80     0.96919
642.00     0.97088
642.20     0.97264
642.40     0.97445
642.60     0.97633
642.80     0.97825
643.00     0.98024
643.20     0.98227
643.40     0.98437
643.60     0.98651
643.80     0.98871
644.00     0.99095
644.20     0.99323
644.40     0.99555
644.60     0.99791
644.80      1.0003
645.00      1.0027
645.20      1.0051
645.40      1.0075
645.60      1.0099
645.80      1.0122
646.00      1.0145
646.20      1.0167
646.40      1.0189
646.60      1.0209
646.80      1.0229
647.00      1.0247
647.20      1.0265
647.40      1.0282
647.60      1.0298
647.80      1.0312
648.00      1.0327
648.20       1.034
648.40      1.0354
648.60      1.0366
648.80      1.0378
649.00       1.039
649.20      1.0402
649.40      1.0414
649.60      1.0425
649.80      1.0437
650.00      1.0449
650.20      1.0462
650.40      1.0474
650.60      1.0488
650.80      1.0501
651.00      1.0515
651.20       1.053
651.40      1.0545
651.60      1.0561
651.80      1.0578
652.00      1.0596
652.20      1.0614
652.40      1.0632
652.60      1.0651
652.80      1.0671
653.00      1.0691
653.20       1.071
653.40       1.073
653.60       1.075
653.80       1.077
654.00      1.0789
654.20      1.0808
654.40      1.0827
654.60      1.0845
654.80      1.0862
655.00      1.0879
655.20      1.0896
655.40      1.0912
655.60      1.0927
655.80      1.0941
656.00      1.0956
656.20      1.0969
656.40      1.0983
656.60      1.0996
656.80      1.1009
657.00      1.1022
657.20      1.1035
657.40      1.1048
657.60      1.1062
657.80      1.1076
658.00       1.109
658.20      1.1105
658.40       1.112
658.60      1.1136
658.80      1.1152
659.00      1.1168
659.20      1.1184
659.40      1.1201
659.60      1.1217
659.80      1.1234
660.00       1.125
660.20      1.1267
660.40      1.1282
660.60      1.1298
660.80      1.1313
661.00      1.1328
661.20      1.1343
661.40      1.1357
661.60      1.1371
661.80      1.1384
662.00      1.1396
662.20      1.1408
662.40      1.1419
662.60       1.143
662.80       1.144
663.00       1.145
663.20      1.1458
663.40      1.1466
663.60      1.1473
663.80      1.1478
664.00      1.1483
664.20      1.1486
664.40      1.1488
664.60      1.1488
664.80      1.1488
665.00      1.1486
665.20      1.1484
665.40       1.148
665.60      1.1475
665.80       1.147
666.00      1.1464
666.20      1.1457
666.40      1.1449
666.60      1.1442
666.80      1.1434
667.00      1.1425
667.20      1.1417
667.40      1.1409
667.60        1.14
667.80      1.1391
668.00      1.1381
668.20      1.1371
668.40      1.1361
668.60       1.135
668.80      1.1339
669.00      1.1328
669.20      1.1316
669.40      1.1305
669.60      1.1293
669.80      1.1282
670.00      1.1272
670.20      1.1262
670.40      1.1252
670.60      1.1243
670.80      1.1236
671.00      1.1229
671.20      1.1224
671.40       1.122
671.60      1.1217
671.80      1.1215
672.00      1.1214
672.20      1.1215
672.40      1.1217
672.60       1.122
672.80      1.1224
673.00      1.1228
673.20      1.1234
673.40       1.124
673.60      1.1246
673.80      1.1253
674.00       1.126
674.20      1.1266
674.40      1.1272
674.60      1.1277
674.80      1.1281
675.00      1.1285
675.20      1.1288
675.40      1.1289
675.60       1.129
675.80      1.1289
676.00      1.1288
676.20      1.1285
676.40      1.1281
676.60      1.1276
676.80      1.1269
677.00      1.1262
677.20      1.1253
677.40      1.1244
677.60      1.1234
677.80      1.1223
678.00      1.1212
678.20      1.1201
678.40       1.119
678.60      1.1179
678.80      1.1168
679.00      1.1158
679.20      1.1148
679.40      1.1139
679.60      1.1131
679.80      1.1123
680.00      1.1116
680.20      1.1109
680.40      1.1103
680.60      1.1097
680.80      1.1091
681.00      1.1085
681.20      1.1078
681.40      1.1072
681.60      1.1066
681.80      1.1059
682.00      1.1052
682.20      1.1045
682.40      1.1038
682.60       1.103
682.80      1.1023
683.00      1.1016
683.20      1.1009
683.40      1.1003
683.60      1.0997
683.80      1.0991
684.00      1.0985
684.20       1.098
684.40      1.0975
684.60      1.0971
684.80      1.0967
685.00      1.0964
685.20      1.0962
685.40      1.0961
685.60       1.096
685.80      1.0961
686.00      1.0963
686.20      1.0965
686.40      1.0968
686.60      1.0971
686.80      1.0974
687.00      1.0977
687.20       1.098
687.40      1.0983
687.60      1.0986
687.80      1.0989
688.00      1.0991
688.20      1.0993
688.40      1.0995
688.60      1.0997
688.80      1.0999
689.00         1.1
689.20      1.1001
689.40      1.1002
689.60      1.1003
689.80      1.1004
690.00      1.1004
690.20      1.1004
690.40      1.1005
690.60      1.1005
690.80      1.1005
691.00      1.1005
691.20      1.1004
691.40      1.1004
691.60      1.1003
691.80      1.1002
692.00      1.1001
692.20      1.0999
692.40      1.0997
692.60      1.0995
692.80      1.0992
693.00      1.0989
693.20      1.0986
693.40      1.0981
693.60      1.0977
693.80      1.0972
694.00      1.0966
694.20      1.0961
694.40      1.0955
694.60      1.0949
694.80      1.0943
695.00      1.0937
695.20      1.0932
695.40      1.0927
695.60      1.0922
695.80      1.0918
696.00      1.0915
696.20      1.0912
696.40      1.0909
696.60      1.0906
696.80      1.0904
697.00      1.0902
697.20        1.09
697.40      1.0898
697.60      1.0896
697.80      1.0894
698.00      1.0891
698.20      1.0889
698.40      1.0885
698.60      1.0882
698.80      1.0878
699.00      1.0873
699.20      1.0868
699.40      1.0862
699.60      1.0857
699.80       1.085
700.00      1.0844
700.20      1.0838
700.40      1.0831
700.60      1.0825
700.80      1.0818
701.00      1.0812
701.20      1.0805
701.40      1.0798
701.60      1.0791
701.80      1.0784
702.00      1.0776
702.20      1.0768
702.40      1.0759
702.60      1.0749
702.80       1.074
703.00      1.0729
703.20      1.0719
703.40      1.0707
703.60      1.0695
703.80      1.0683
704.00      1.0669
704.20      1.0654
704.40      1.0639
704.60      1.0622
704.80      1.0605
705.00      1.0586
705.20      1.0567
705.40      1.0546
705.60      1.0524
705.80        1.05
706.00      1.0476
706.20      1.0449
706.40      1.0422
706.60      1.0392
706.80      1.0361
707.00      1.0328
707.20      1.0293
707.40      1.0256
707.60      1.0217
707.80      1.0175
708.00      1.0131
708.20      1.0085
708.40      1.0036
708.60      0.9985
708.80     0.99316
709.00     0.98761
709.20     0.98184
709.40     0.97587
709.60     0.96971
709.80     0.96338
710.00     0.95687
710.20      0.9502
710.40     0.94339
710.60     0.93644
710.80     0.92936
711.00     0.92217
711.20     0.91488
711.40     0.90749
711.60     0.90002
711.80     0.89248
712.00     0.88486
712.20     0.87718
712.40     0.86944
712.60     0.86164
712.80     0.85378
713.00     0.84587
713.20     0.83791
713.40      0.8299
713.60     0.82185
713.80     0.81375
714.00     0.80561
714.20     0.79745
714.40     0.78928
714.60     0.78111
714.80     0.77296
715.00     0.76484
715.20     0.75678
715.40     0.74878
715.60     0.74087
715.80     0.73308
716.00     0.72541
716.20      0.7179
716.40     0.71056
716.60     0.70339
716.80     0.69642
717.00     0.68965
717.20      0.6831
717.40     0.67677
717.60     0.67065
717.80     0.66475
718.00     0.65906
718.20     0.65357
718.40     0.64826
718.60      0.6431
718.80     0.63809
719.00     0.63319
719.20     0.62838
719.40     0.62364
719.60     0.61895
719.80     0.61428
720.00     0.60962
