 0.20     0.76558
 0.40     0.76214
 0.60     0.75869
 0.80     0.75522
 1.00     0.75174
 1.20     0.74823
 1.40      0.7447
 1.60     0.74115
 1.80     0.73757
 2.00     0.73397
 2.20     0.73036
 2.40     0.72675
 2.60     0.72314
 2.80     0.71955
 3.00     0.71599
 3.20     0.71248
 3.40     0.70902
 3.60     0.70563
 3.80     0.70233
 4.00     0.69912
 4.20     0.69601
 4.40       0.693
 4.60     0.69009
 4.80     0.68729
 5.00     0.68459
 5.20     0.68199
 5.40     0.67948
 5.60     0.67707
 5.80     0.67474
 6.00     0.67249
 6.20     0.67031
 6.40      0.6682
 6.60     0.66614
 6.80     0.66412
 7.00     0.66215
 7.20      0.6602
 7.40     0.65828
 7.60     0.65636
 7.80     0.65444
 8.00     0.65252
 8.20     0.65059
 8.40     0.64866
 8.60      0.6467
 8.80     0.64474
 9.00     0.64276
 9.20     0.64077
 9.40     0.63878
 9.60     0.63679
 9.80      0.6348
10.00     0.63282
10.20     0.63086
10.40     0.62891
10.60     0.62697
10.80     0.62504
11.00     0.62313
11.20     0.62123
11.40     0.61934
11.60     0.61745
11.80     0.61556
12.00     0.61366
12.20     0.61176
12.40     0.60985
12.60     0.60796
12.80     0.60608
13.00     0.60422
13.20      0.6024
13.40     0.60061
13.60     0.59888
13.80     0.59719
14.00     0.59557
14.20     0.59401
14.40     0.59252
14.60     0.59109
14.80     0.58973
15.00     0.58843
15.20     0.58719
15.40     0.58601
15.60     0.58487
15.80     0.58378
16.00     0.58273
16.20      0.5817
16.40     0.58068
16.60     0.57964
16.80     0.57857
17.00     0.57745
17.20     0.57626
17.40     0.57498
17.60     0.57361
17.80     0.57213
18.00     0.57055
18.20     0.56888
18.40     0.56711
18.60     0.56527
18.80     0.56335
19.00     0.56139
19.20     0.55938
19.40     0.55734
19.60     0.55528
19.80     0.55322
20.00     0.55118
20.20     0.54916
20.40     0.54719
20.60     0.54529
20.80     0.54346
21.00     0.54173
21.20      0.5401
21.40     0.53858
21.60     0.53718
21.80     0.53591
22.00     0.53476
22.20     0.53374
22.40     0.53284
22.60     0.53204
22.80     0.53134
23.00      0.5307
23.20     0.53012
23.40     0.52958
23.60     0.52905
23.80     0.52851
24.00     0.52796
24.20     0.52737
24.40     0.52673
24.60     0.52602
24.80     0.52524
25.00     0.52439
25.20     0.52346
25.40     0.52245
25.60     0.52139
25.80      0.5203
26.00     0.51918
26.20     0.51805
26.40     0.51695
26.60     0.51588
26.80     0.51488
27.00     0.51395
27.20     0.51311
27.40     0.51238
27.60     0.51175
27.80     0.51124
28.00     0.51084
28.20     0.51056
28.40     0.51039
28.60     0.51033
28.80     0.51039
29.00     0.51056
29.20     0.51084
29.40     0.51123
29.60     0.51172
29.80     0.51232
30.00       0.513
30.20     0.51378
30.40     0.51463
30.60     0.51553
30.80     0.51648
31.00     0.51745
31.20     0.51844
31.40     0.51943
31.60     0.52041
31.80     0.52138
32.00     0.52234
32.20     0.52327
32.40     0.52415
32.60     0.52499
32.80     0.52576
33.00     0.52647
33.20     0.52711
33.40     0.52769
33.60     0.52822
33.80      0.5287
34.00     0.52915
34.20     0.52958
34.40        0.53
34.60     0.53043
34.80     0.53087
35.00     0.53135
35.20     0.53188
35.40     0.53245
35.60      0.5331
35.80     0.53381
36.00      0.5346
36.20     0.53546
36.40      0.5364
36.60     0.53739
36.80     0.53844
37.00     0.53953
37.20     0.54068
37.40     0.54187
37.60      0.5431
37.80     0.54436
38.00     0.54566
38.20     0.54697
38.40     0.54828
38.60     0.54958
38.80     0.55085
39.00     0.55208
39.20     0.55325
39.40     0.55436
39.60     0.55538
39.80     0.55629
40.00      0.5571
40.20      0.5578
40.40     0.55838
40.60     0.55884
40.80     0.55919
41.00     0.55943
41.20     0.55957
41.40      0.5596
41.60     0.55953
41.80     0.55937
42.00     0.55913
42.20     0.55881
42.40     0.55841
42.60     0.55795
42.80     0.55744
43.00     0.55689
43.20     0.55631
43.40     0.55572
43.60     0.55515
43.80     0.55462
44.00     0.55415
44.20     0.55378
44.40     0.55352
44.60      0.5534
44.80     0.55343
45.00     0.55362
45.20     0.55398
45.40      0.5545
45.60     0.55521
45.80     0.55607
46.00      0.5571
46.20     0.55827
46.40     0.55956
46.60     0.56095
46.80     0.56241
47.00     0.56394
47.20     0.56549
47.40     0.56706
47.60      0.5686
47.80     0.57011
48.00     0.57156
48.20     0.57293
48.40     0.57421
48.60     0.57537
48.80     0.57642
49.00     0.57735
49.20     0.57815
49.40     0.57884
49.60     0.57941
49.80     0.57988
50.00     0.58025
50.20     0.58052
50.40      0.5807
50.60      0.5808
50.80     0.58083
51.00     0.58078
51.20     0.58066
51.40     0.58048
51.60     0.58024
51.80     0.57993
52.00     0.57956
52.20     0.57914
52.40     0.57866
52.60     0.57812
52.80     0.57754
53.00     0.57691
53.20     0.57625
53.40     0.57556
53.60     0.57487
53.80     0.57419
54.00     0.57354
54.20     0.57292
54.40     0.57235
54.60     0.57183
54.80     0.57136
55.00     0.57093
55.20     0.57056
55.40     0.57024
55.60     0.56996
55.80     0.56973
56.00     0.56953
56.20     0.56938
56.40     0.56925
56.60     0.56916
56.80      0.5691
57.00     0.56908
57.20     0.56909
57.40     0.56913
57.60     0.56921
57.80     0.56933
58.00      0.5695
58.20     0.56972
58.40     0.56999
58.60     0.57033
58.80     0.57073
59.00     0.57121
59.20     0.57177
59.40     0.57241
59.60     0.57313
59.80     0.57394
60.00     0.57482
60.20     0.57578
60.40     0.57679
60.60     0.57785
60.80     0.57893
61.00     0.58003
61.20     0.58113
61.40     0.58221
61.60     0.58328
61.80     0.58431
62.00     0.58527
62.20     0.58618
62.40       0.587
62.60     0.58774
62.80      0.5884
63.00     0.58898
63.20     0.58948
63.40      0.5899
63.60     0.59026
63.80     0.59054
64.00     0.59076
64.20     0.59092
64.40     0.59103
64.60     0.59108
64.80     0.59107
65.00     0.59101
65.20      0.5909
65.40     0.59072
65.60     0.59048
65.80     0.59018
66.00     0.58981
66.20     0.58936
66.40     0.58883
66.60     0.58822
66.80     0.58753
67.00     0.58675
67.20     0.58588
67.40     0.58493
67.60     0.58392
67.80     0.58284
68.00     0.58173
68.20      0.5806
68.40     0.57946
68.60     0.57834
68.80     0.57724
69.00     0.57618
69.20     0.57519
69.40     0.57427
69.60     0.57344
69.80      0.5727
70.00     0.57204
70.20     0.57148
70.40     0.57099
70.60     0.57059
70.80     0.57026
71.00        0.57
71.20     0.56979
71.40     0.56963
71.60     0.56952
71.80     0.56945
72.00     0.56941
72.20     0.56939
72.40      0.5694
72.60     0.56942
72.80     0.56945
73.00     0.56949
73.20     0.56954
73.40     0.56959
73.60     0.56965
73.80      0.5697
74.00     0.56976
74.20     0.56981
74.40     0.56987
74.60     0.56992
74.80     0.56997
75.00     0.57002
75.20     0.57007
75.40     0.57012
75.60     0.57016
75.80      0.5702
76.00     0.57024
76.20     0.57028
76.40     0.57031
76.60     0.57034
76.80     0.57036
77.00     0.57038
77.20     0.57038
77.40     0.57037
77.60     0.57035
77.80      0.5703
78.00     0.57024
78.20     0.57014
78.40     0.57002
78.60     0.56986
78.80     0.56966
79.00     0.56942
79.20     0.56913
79.40      0.5688
79.60      0.5684
79.80     0.56796
80.00     0.56746
80.20     0.56691
80.40     0.56632
80.60     0.56568
80.80     0.56503
81.00     0.56436
81.20     0.56369
81.40     0.56302
81.60     0.56237
81.80     0.56173
82.00     0.56109
82.20     0.56046
82.40     0.55983
82.60     0.55919
82.80     0.55854
83.00     0.55787
83.20     0.55718
83.40     0.55647
83.60     0.55574
83.80       0.555
84.00     0.55425
84.20     0.55351
84.40     0.55279
84.60      0.5521
84.80     0.55144
85.00     0.55081
85.20     0.55021
85.40     0.54964
85.60     0.54911
85.80     0.54861
86.00     0.54814
86.20     0.54771
86.40     0.54731
86.60     0.54696
86.80     0.54666
87.00     0.54643
87.20     0.54628
87.40     0.54622
87.60     0.54625
87.80     0.54636
88.00     0.54655
88.20     0.54681
88.40     0.54711
88.60     0.54746
88.80     0.54784
89.00     0.54825
89.20     0.54868
89.40     0.54914
89.60     0.54963
89.80     0.55015
90.00      0.5507
90.20     0.55128
90.40      0.5519
90.60     0.55255
90.80     0.55323
91.00     0.55395
91.20     0.55468
91.40     0.55542
91.60     0.55616
91.80     0.55688
92.00     0.55758
92.20     0.55825
92.40     0.55888
92.60     0.55948
92.80     0.56005
93.00     0.56059
93.20      0.5611
93.40     0.56158
93.60     0.56203
93.80     0.56245
94.00     0.56283
94.20     0.56316
94.40     0.56345
94.60     0.56366
94.80      0.5638
95.00     0.56384
95.20     0.56376
95.40     0.56357
95.60     0.56325
95.80     0.56281
96.00     0.56227
96.20     0.56163
96.40      0.5609
96.60     0.56009
96.80      0.5592
97.00     0.55824
97.20      0.5572
97.40      0.5561
97.60     0.55495
97.80     0.55376
98.00     0.55255
98.20     0.55134
98.40     0.55012
98.60     0.54893
98.80     0.54776
99.00     0.54664
99.20     0.54557
99.40     0.54457
99.60     0.54365
99.80     0.54282
100.00     0.54209
100.20     0.54145
100.40     0.54091
100.60     0.54046
100.80      0.5401
101.00     0.53982
101.20     0.53962
101.40      0.5395
101.60     0.53946
101.80     0.53948
102.00     0.53957
102.20     0.53972
102.40     0.53994
102.60     0.54022
102.80     0.54056
103.00     0.54097
103.20     0.54143
103.40     0.54194
103.60     0.54251
103.80     0.54311
104.00     0.54376
104.20     0.54442
104.40      0.5451
104.60     0.54576
104.80     0.54639
105.00     0.54699
105.20     0.54754
105.40     0.54804
105.60     0.54848
105.80     0.54888
106.00     0.54922
106.20     0.54952
106.40     0.54977
106.60     0.54998
106.80     0.55016
107.00      0.5503
107.20     0.55041
107.40      0.5505
107.60     0.55057
107.80     0.55062
108.00     0.55065
108.20     0.55067
108.40     0.55067
108.60     0.55067
108.80     0.55065
109.00     0.55061
109.20     0.55056
109.40     0.55049
109.60     0.55039
109.80     0.55028
110.00     0.55013
110.20     0.54996
110.40     0.54974
110.60     0.54949
110.80     0.54919
111.00     0.54885
111.20     0.54845
111.40       0.548
111.60     0.54751
111.80     0.54696
112.00     0.54637
112.20     0.54575
112.40      0.5451
112.60     0.54444
112.80      0.5438
113.00     0.54318
113.20      0.5426
113.40     0.54206
113.60     0.54159
113.80     0.54117
114.00     0.54081
114.20     0.54052
114.40     0.54029
114.60     0.54013
114.80     0.54003
115.00        0.54
115.20     0.54003
115.40     0.54013
115.60      0.5403
115.80     0.54053
116.00     0.54082
116.20     0.54117
116.40     0.54159
116.60     0.54206
116.80     0.54259
117.00     0.54316
117.20     0.54377
117.40     0.54441
117.60     0.54505
117.80     0.54568
118.00     0.54628
118.20     0.54685
118.40     0.54737
118.60     0.54783
118.80     0.54825
119.00     0.54861
119.20     0.54892
119.40     0.54918
119.60      0.5494
119.80     0.54958
120.00     0.54973
120.20     0.54986
120.40     0.54996
120.60     0.55005
120.80     0.55014
121.00     0.55023
121.20     0.55033
121.40     0.55044
121.60     0.55057
121.80     0.55073
122.00     0.55092
122.20     0.55114
122.40      0.5514
122.60      0.5517
122.80     0.55205
123.00     0.55243
123.20     0.55285
123.40     0.55331
123.60     0.55378
123.80     0.55427
124.00     0.55476
124.20     0.55523
124.40     0.55564
124.60       0.556
124.80     0.55627
125.00     0.55646
125.20     0.55654
125.40     0.55652
125.60      0.5564
125.80     0.55617
126.00     0.55586
126.20     0.55546
126.40     0.55499
126.60     0.55447
126.80     0.55393
127.00     0.55338
127.20     0.55284
127.40     0.55232
127.60     0.55183
127.80     0.55138
128.00     0.55097
128.20     0.55062
128.40     0.55031
128.60     0.55006
128.80     0.54986
129.00     0.54973
129.20     0.54965
129.40     0.54963
129.60     0.54969
129.80     0.54981
130.00        0.55
130.20     0.55027
130.40     0.55062
130.60     0.55105
130.80     0.55157
131.00     0.55217
131.20     0.55286
131.40     0.55364
131.60      0.5545
131.80     0.55543
132.00     0.55642
132.20     0.55746
132.40     0.55851
132.60     0.55959
132.80     0.56067
133.00     0.56174
133.20     0.56279
133.40     0.56381
133.60     0.56479
133.80      0.5657
134.00     0.56653
134.20     0.56727
134.40     0.56791
134.60     0.56846
134.80     0.56891
135.00     0.56925
135.20     0.56949
135.40     0.56964
135.60     0.56969
135.80     0.56965
136.00     0.56951
136.20     0.56929
136.40     0.56899
136.60      0.5686
136.80     0.56815
137.00     0.56763
137.20     0.56705
137.40     0.56642
137.60     0.56577
137.80      0.5651
138.00     0.56444
138.20      0.5638
138.40      0.5632
138.60     0.56264
138.80     0.56213
139.00     0.56168
139.20     0.56128
139.40     0.56094
139.60     0.56064
139.80      0.5604
140.00      0.5602
140.20     0.56003
140.40     0.55991
140.60     0.55981
140.80     0.55974
141.00     0.55969
141.20     0.55966
141.40     0.55964
141.60     0.55964
141.80     0.55964
142.00     0.55965
142.20     0.55966
142.40     0.55967
142.60     0.55969
142.80      0.5597
143.00     0.55971
143.20     0.55971
143.40     0.55972
143.60     0.55972
143.80     0.55971
144.00     0.55971
144.20      0.5597
144.40     0.55969
144.60     0.55968
144.80     0.55967
145.00     0.55967
145.20     0.55968
145.40     0.55969
145.60     0.55972
145.80     0.55976
146.00     0.55982
146.20     0.55991
146.40     0.56002
146.60     0.56017
146.80     0.56035
147.00     0.56057
147.20     0.56083
147.40     0.56114
147.60     0.56149
147.80      0.5619
148.00     0.56235
148.20     0.56285
148.40     0.56339
148.60     0.56397
148.80     0.56456
149.00     0.56517
149.20     0.56576
149.40     0.56633
149.60     0.56686
149.80     0.56735
150.00      0.5678
150.20     0.56819
150.40     0.56854
150.60     0.56885
150.80     0.56912
151.00     0.56935
151.20     0.56956
151.40     0.56975
151.60     0.56993
151.80      0.5701
152.00     0.57027
152.20     0.57046
152.40     0.57067
152.60      0.5709
152.80     0.57117
153.00     0.57147
153.20     0.57182
153.40     0.57221
153.60     0.57265
153.80     0.57313
154.00     0.57365
154.20     0.57421
154.40      0.5748
154.60     0.57539
154.80     0.57597
155.00     0.57652
155.20     0.57705
155.40     0.57753
155.60     0.57796
155.80     0.57834
156.00     0.57867
156.20     0.57895
156.40     0.57919
156.60     0.57939
156.80     0.57955
157.00     0.57968
157.20     0.57979
157.40     0.57988
157.60     0.57995
157.80     0.58002
158.00     0.58009
158.20     0.58017
158.40     0.58026
158.60     0.58038
158.80     0.58051
159.00     0.58069
159.20      0.5809
159.40     0.58115
159.60     0.58144
159.80     0.58179
160.00     0.58218
160.20     0.58262
160.40     0.58311
160.60     0.58363
160.80     0.58419
161.00     0.58476
161.20     0.58534
161.40      0.5859
161.60     0.58642
161.80      0.5869
162.00     0.58732
162.20     0.58767
162.40     0.58796
162.60     0.58819
162.80     0.58835
163.00     0.58844
163.20     0.58848
163.40     0.58847
163.60     0.58842
163.80     0.58833
164.00     0.58822
164.20      0.5881
164.40     0.58798
164.60     0.58788
164.80     0.58781
165.00      0.5878
165.20     0.58783
165.40     0.58791
165.60     0.58802
165.80     0.58816
166.00      0.5883
166.20     0.58845
166.40     0.58861
166.60     0.58875
166.80      0.5889
167.00     0.58903
167.20     0.58916
167.40     0.58928
167.60     0.58939
167.80      0.5895
168.00     0.58961
168.20     0.58973
168.40     0.58985
168.60     0.58998
168.80     0.59013
169.00      0.5903
169.20     0.59049
169.40     0.59071
169.60     0.59096
169.80     0.59125
170.00     0.59157
170.20     0.59192
170.40     0.59232
170.60     0.59274
170.80     0.59319
171.00     0.59365
171.20     0.59413
171.40     0.59459
171.60     0.59503
171.80     0.59542
172.00     0.59574
172.20     0.59597
172.40     0.59612
172.60     0.59616
172.80     0.59611
173.00     0.59596
173.20     0.59571
173.40     0.59538
173.60     0.59499
173.80     0.59454
174.00     0.59407
174.20     0.59358
174.40     0.59311
174.60     0.59265
174.80     0.59223
175.00     0.59183
175.20     0.59147
175.40     0.59115
175.60     0.59087
175.80     0.59063
176.00     0.59042
176.20     0.59025
176.40     0.59011
176.60        0.59
176.80     0.58991
177.00     0.58985
177.20      0.5898
177.40     0.58977
177.60     0.58976
177.80     0.58975
178.00     0.58976
178.20     0.58977
178.40     0.58978
178.60      0.5898
178.80     0.58982
179.00     0.58985
179.20     0.58987
179.40     0.58989
179.60     0.58991
179.80     0.58993
180.00     0.58994
180.20     0.58995
180.40     0.58996
180.60     0.58997
180.80     0.58997
181.00     0.58997
181.20     0.58997
181.40     0.58996
181.60     0.58994
181.80     0.58993
182.00     0.58991
182.20     0.58988
182.40     0.58985
182.60     0.58982
182.80     0.58978
183.00     0.58974
183.20      0.5897
183.40     0.58965
183.60     0.58961
183.80     0.58957
184.00     0.58954
184.20     0.58951
184.40     0.58949
184.60     0.58948
184.80      0.5895
185.00     0.58953
185.20      0.5896
185.40     0.58969
185.60     0.58982
185.80        0.59
186.00     0.59023
186.20     0.59052
186.40     0.59087
186.60     0.59129
186.80     0.59179
187.00     0.59236
187.20     0.59301
187.40     0.59374
187.60     0.59454
187.80     0.59541
188.00     0.59634
188.20      0.5973
188.40     0.59829
188.60      0.5993
188.80      0.6003
189.00     0.60131
189.20      0.6023
189.40     0.60326
189.60     0.60419
189.80     0.60507
190.00     0.60587
190.20     0.60659
190.40     0.60721
190.60     0.60773
190.80     0.60813
191.00     0.60843
191.20     0.60861
191.40     0.60868
191.60     0.60864
191.80     0.60849
192.00     0.60825
192.20     0.60791
192.40     0.60748
192.60     0.60698
192.80     0.60642
193.00     0.60581
193.20     0.60518
193.40     0.60454
193.60     0.60391
193.80     0.60332
194.00     0.60276
194.20     0.60225
194.40     0.60179
194.60     0.60138
194.80     0.60103
195.00     0.60072
195.20     0.60046
195.40     0.60025
195.60     0.60008
195.80     0.59995
196.00     0.59985
196.20     0.59978
196.40     0.59974
196.60     0.59972
196.80     0.59972
197.00     0.59974
197.20     0.59977
197.40     0.59982
197.60     0.59987
197.80     0.59993
198.00     0.59999
198.20     0.60006
198.40     0.60013
198.60      0.6002
198.80     0.60027
199.00     0.60033
199.20     0.60039
199.40     0.60043
199.60     0.60047
199.80     0.60048
200.00     0.60048
200.20     0.60045
200.40     0.60039
200.60     0.60029
200.80     0.60016
201.00     0.59997
201.20     0.59973
201.40     0.59943
201.60     0.59907
201.80     0.59863
202.00     0.59812
202.20     0.59752
202.40     0.59685
202.60      0.5961
202.80     0.59527
203.00     0.59437
203.20     0.59343
203.40     0.59244
203.60     0.59144
203.80     0.59042
204.00     0.58941
204.20     0.58842
204.40     0.58745
204.60     0.58652
204.80     0.58564
205.00     0.58484
205.20     0.58414
205.40     0.58355
205.60     0.58309
205.80     0.58277
206.00      0.5826
206.20     0.58258
206.40     0.58271
206.60     0.58301
206.80     0.58345
207.00     0.58404
207.20     0.58477
207.40     0.58563
207.60     0.58659
207.80     0.58764
208.00     0.58878
208.20     0.58999
208.40     0.59127
208.60     0.59261
208.80       0.594
209.00     0.59543
209.20     0.59689
209.40     0.59837
209.60     0.59986
209.80     0.60135
210.00     0.60285
210.20     0.60434
210.40     0.60581
210.60     0.60725
210.80     0.60865
211.00     0.61001
211.20     0.61131
211.40     0.61256
211.60     0.61375
211.80     0.61486
212.00      0.6159
212.20     0.61686
212.40     0.61776
212.60      0.6186
212.80      0.6194
213.00     0.62016
213.20      0.6209
213.40     0.62163
213.60     0.62237
213.80     0.62312
214.00      0.6239
214.20     0.62471
214.40     0.62555
214.60     0.62642
214.80     0.62731
215.00     0.62822
215.20     0.62914
215.40     0.63007
215.60     0.63101
215.80     0.63196
216.00     0.63293
216.20      0.6339
216.40     0.63488
216.60     0.63585
216.80      0.6368
217.00     0.63775
217.20     0.63869
217.40     0.63962
217.60     0.64055
217.80     0.64149
218.00     0.64245
218.20     0.64343
218.40     0.64442
218.60     0.64544
218.80     0.64647
219.00      0.6475
219.20     0.64853
219.40     0.64955
219.60     0.65056
219.80     0.65155
220.00     0.65252
220.20     0.65347
220.40     0.65438
220.60     0.65525
220.80     0.65606
221.00      0.6568
221.20     0.65746
221.40     0.65804
221.60     0.65855
221.80     0.65896
222.00      0.6593
222.20     0.65957
222.40     0.65976
222.60     0.65989
222.80     0.65995
223.00     0.65995
223.20      0.6599
223.40      0.6598
223.60     0.65966
223.80     0.65948
224.00     0.65926
224.20     0.65902
224.40     0.65876
224.60     0.65849
224.80     0.65821
225.00     0.65794
225.20     0.65769
225.40     0.65747
225.60     0.65731
225.80     0.65721
226.00     0.65721
226.20      0.6573
226.40     0.65751
226.60     0.65784
226.80     0.65827
227.00      0.6588
227.20     0.65943
227.40     0.66015
227.60     0.66097
227.80     0.66188
228.00     0.66288
228.20     0.66396
228.40     0.66511
228.60     0.66634
228.80     0.66762
229.00     0.66895
229.20     0.67035
229.40     0.67179
229.60     0.67329
229.80     0.67485
230.00     0.67645
230.20      0.6781
230.40     0.67977
230.60     0.68147
230.80      0.6832
231.00     0.68495
231.20      0.6867
231.40     0.68846
231.60     0.69023
231.80       0.692
232.00     0.69378
232.20     0.69557
232.40     0.69735
232.60     0.69914
232.80     0.70093
233.00     0.70273
233.20     0.70453
233.40     0.70634
233.60     0.70815
233.80     0.70996
234.00     0.71178
234.20     0.71359
234.40      0.7154
234.60     0.71721
234.80       0.719
235.00     0.72077
235.20      0.7225
235.40      0.7242
235.60     0.72586
235.80     0.72745
236.00     0.72896
236.20      0.7304
236.40     0.73176
236.60     0.73302
236.80     0.73418
237.00     0.73525
237.20     0.73621
237.40     0.73709
237.60     0.73789
237.80     0.73863
238.00     0.73933
238.20        0.74
238.40     0.74067
238.60     0.74136
238.80     0.74208
239.00     0.74286
239.20     0.74371
239.40     0.74463
239.60     0.74565
239.80     0.74677
240.00     0.74797
240.20     0.74927
240.40     0.75064
240.60     0.75209
240.80     0.75361
241.00      0.7552
241.20     0.75683
241.40      0.7585
241.60     0.76019
241.80     0.76189
242.00     0.76359
242.20     0.76526
242.40     0.76691
242.60      0.7685
242.80     0.77004
243.00     0.77151
243.20     0.77291
243.40     0.77423
243.60     0.77545
243.80      0.7766
244.00     0.77767
244.20     0.77867
244.40     0.77963
244.60     0.78054
244.80     0.78143
245.00     0.78232
245.20      0.7832
245.40     0.78411
245.60     0.78503
245.80     0.78598
246.00     0.78696
246.20     0.78795
246.40     0.78896
246.60     0.78997
246.80     0.79099
247.00     0.79203
247.20     0.79306
247.40     0.79409
247.60     0.79512
247.80     0.79614
248.00     0.79716
248.20     0.79817
248.40      0.7992
248.60     0.80025
248.80     0.80133
249.00     0.80247
249.20     0.80366
249.40     0.80492
249.60     0.80625
249.80     0.80766
250.00     0.80917
250.20     0.81079
250.40     0.81254
250.60     0.81444
250.80     0.81649
251.00     0.81871
251.20      0.8211
251.40     0.82366
251.60      0.8264
251.80     0.82931
252.00      0.8324
252.20     0.83564
252.40     0.83904
252.60     0.84257
252.80     0.84623
253.00        0.85
253.20     0.85385
253.40     0.85776
253.60     0.86172
253.80     0.86568
254.00     0.86964
254.20     0.87355
254.40     0.87742
254.60     0.88122
254.80     0.88493
255.00     0.88855
255.20     0.89206
255.40     0.89547
255.60     0.89876
255.80     0.90192
256.00     0.90496
256.20     0.90786
256.40     0.91064
256.60     0.91328
256.80      0.9158
257.00      0.9182
257.20      0.9205
257.40      0.9227
257.60     0.92482
257.80     0.92687
258.00     0.92887
258.20     0.93081
258.40     0.93271
258.60     0.93457
258.80     0.93641
259.00     0.93823
259.20     0.94004
259.40     0.94183
259.60     0.94363
259.80     0.94543
260.00     0.94724
260.20     0.94906
260.40     0.95091
260.60     0.95279
260.80     0.95471
261.00     0.95669
261.20     0.95872
261.40     0.96081
261.60     0.96296
261.80     0.96519
262.00     0.96749
262.20     0.96986
262.40      0.9723
262.60     0.97482
262.80     0.97741
263.00     0.98006
263.20     0.98278
263.40     0.98555
263.60     0.98837
263.80     0.99123
264.00     0.99415
264.20     0.99711
264.40      1.0001
264.60      1.0032
264.80      1.0063
265.00      1.0095
265.20      1.0127
265.40      1.0161
265.60      1.0195
265.80       1.023
266.00      1.0267
266.20      1.0304
266.40      1.0342
266.60      1.0382
266.80      1.0422
267.00      1.0463
267.20      1.0506
267.40      1.0549
267.60      1.0593
267.80      1.0637
268.00      1.0682
268.20      1.0727
268.40      1.0772
268.60      1.0817
268.80      1.0861
269.00      1.0904
269.20      1.0947
269.40      1.0989
269.60       1.103
269.80       1.107
270.00      1.1108
270.20      1.1146
270.40      1.1182
270.60      1.1217
270.80       1.125
271.00      1.1283
271.20      1.1315
271.40      1.1346
271.60      1.1376
271.80      1.1406
272.00      1.1435
272.20      1.1464
272.40      1.1493
272.60      1.1522
272.80      1.1551
273.00      1.1581
273.20      1.1611
273.40      1.1642
273.60      1.1673
273.80      1.1705
274.00      1.1738
274.20      1.1772
274.40      1.1807
274.60      1.1843
274.80       1.188
275.00      1.1919
275.20      1.1959
275.40         1.2
275.60      1.2042
275.80      1.2086
276.00       1.213
276.20      1.2176
276.40      1.2223
276.60      1.2271
276.80       1.232
277.00      1.2369
277.20       1.242
277.40      1.2471
277.60      1.2523
277.80      1.2575
278.00      1.2628
278.20      1.2681
278.40      1.2735
278.60      1.2789
278.80      1.2844
279.00      1.2899
279.20      1.2954
279.40      1.3009
279.60      1.3064
279.80      1.3119
280.00      1.3174
280.20      1.3229
280.40      1.3283
280.60      1.3338
280.80      1.3392
281.00      1.3446
281.20        1.35
281.40      1.3555
281.60       1.361
281.80      1.3665
282.00      1.3721
282.20      1.3777
282.40      1.3833
282.60      1.3889
282.80      1.3945
283.00      1.4002
283.20      1.4058
283.40      1.4114
283.60       1.417
283.80      1.4226
284.00      1.4281
284.20      1.4336
284.40       1.439
284.60      1.4443
284.80      1.4496
285.00      1.4549
285.20      1.4601
285.40      1.4653
285.60      1.4705
285.80      1.4757
286.00      1.4809
286.20      1.4861
286.40      1.4914
286.60      1.4968
286.80      1.5023
287.00      1.5079
287.20      1.5137
287.40      1.5197
287.60      1.5258
287.80      1.5322
288.00      1.5388
288.20      1.5457
288.40      1.5528
288.60      1.5602
288.80      1.5678
289.00      1.5756
289.20      1.5837
289.40      1.5921
289.60      1.6006
289.80      1.6093
290.00      1.6181
290.20      1.6271
290.40      1.6362
290.60      1.6454
290.80      1.6546
291.00       1.664
291.20      1.6733
291.40      1.6828
291.60      1.6923
291.80      1.7019
292.00      1.7115
292.20      1.7212
292.40      1.7308
292.60      1.7406
292.80      1.7503
293.00        1.76
293.20      1.7697
293.40      1.7794
293.60       1.789
293.80      1.7986
294.00      1.8081
294.20      1.8176
294.40      1.8269
294.60      1.8362
294.80      1.8454
295.00      1.8545
295.20      1.8635
295.40      1.8725
295.60      1.8813
295.80      1.8902
296.00       1.899
296.20      1.9077
296.40      1.9164
296.60       1.925
296.80      1.9337
297.00      1.9423
297.20      1.9509
297.40      1.9596
297.60      1.9683
297.80       1.977
298.00      1.9857
298.20      1.9945
298.40      2.0034
298.60      2.0124
298.80      2.0215
299.00      2.0307
299.20      2.0401
299.40      2.0495
299.60      2.0591
299.80      2.0688
300.00      2.0787
300.20      2.0887
300.40      2.0989
300.60      2.1093
300.80      2.1199
301.00      2.1306
301.20      2.1416
301.40      2.1528
301.60      2.1642
301.80      2.1759
302.00      2.1878
302.20         2.2
302.40      2.2124
302.60       2.225
302.80      2.2378
303.00      2.2509
303.20      2.2641
303.40      2.2775
303.60       2.291
303.80      2.3047
304.00      2.3185
304.20      2.3324
304.40      2.3463
304.60      2.3604
304.80      2.3745
305.00      2.3886
305.20      2.4028
305.40      2.4171
305.60      2.4313
305.80      2.4456
306.00      2.4599
306.20      2.4743
306.40      2.4887
306.60      2.5031
306.80      2.5175
307.00      2.5319
307.20      2.5463
307.40      2.5607
307.60      2.5751
307.80      2.5895
308.00      2.6039
308.20      2.6183
308.40      2.6327
308.60      2.6472
308.80      2.6616
309.00      2.6761
309.20      2.6906
309.40      2.7052
309.60      2.7198
309.80      2.7345
310.00      2.7493
310.20      2.7643
310.40      2.7793
310.60      2.7946
310.80        2.81
311.00      2.8256
311.20      2.8415
311.40      2.8575
311.60      2.8738
311.80      2.8903
312.00      2.9071
312.20      2.9241
312.40      2.9414
312.60      2.9589
312.80      2.9768
313.00      2.9948
313.20      3.0132
313.40      3.0319
313.60      3.0508
313.80        3.07
314.00      3.0895
314.20      3.1093
314.40      3.1293
314.60      3.1496
314.80      3.1702
315.00       3.191
315.20      3.2122
315.40      3.2335
315.60      3.2552
315.80      3.2771
316.00      3.2992
316.20      3.3216
316.40      3.3442
316.60       3.367
316.80        3.39
317.00      3.4132
317.20      3.4366
317.40      3.4601
317.60      3.4837
317.80      3.5075
318.00      3.5315
318.20      3.5555
318.40      3.5797
318.60       3.604
318.80      3.6284
319.00      3.6529
319.20      3.6776
319.40      3.7024
319.60      3.7274
319.80      3.7525
320.00      3.7778
320.20      3.8032
320.40      3.8288
320.60      3.8546
320.80      3.8806
321.00      3.9067
321.20      3.9331
321.40      3.9597
321.60      3.9865
321.80      4.0135
322.00      4.0408
322.20      4.0684
322.40      4.0962
322.60      4.1243
322.80      4.1527
323.00      4.1813
323.20      4.2103
323.40      4.2395
323.60      4.2691
323.80      4.2988
324.00      4.3289
324.20      4.3593
324.40      4.3899
324.60      4.4208
324.80      4.4519
325.00      4.4834
325.20      4.5151
325.40      4.5471
325.60      4.5793
325.80      4.6119
326.00      4.6447
326.20      4.6777
326.40      4.7111
326.60      4.7448
326.80      4.7787
327.00       4.813
327.20      4.8476
327.40      4.8826
327.60      4.9179
327.80      4.9535
328.00      4.9896
328.20       5.026
328.40      5.0629
328.60      5.1001
328.80      5.1378
329.00      5.1759
329.20      5.2143
329.40      5.2532
329.60      5.2925
329.80      5.3321
330.00       5.372
330.20      5.4122
330.40      5.4527
330.60      5.4935
330.80      5.5345
331.00      5.5757
331.20      5.6171
331.40      5.6586
331.60      5.7002
331.80      5.7418
332.00      5.7836
332.20      5.8254
332.40      5.8673
332.60      5.9093
332.80      5.9513
333.00      5.9933
333.20      6.0354
333.40      6.0776
333.60      6.1199
333.80      6.1623
334.00      6.2049
334.20      6.2477
334.40      6.2907
334.60      6.3339
334.80      6.3773
335.00      6.4211
335.20      6.4652
335.40      6.5096
335.60      6.5545
335.80      6.5998
336.00      6.6456
336.20       6.692
336.40       6.739
336.60      6.7866
336.80      6.8349
337.00       6.884
337.20      6.9339
337.40      6.9846
337.60      7.0362
337.80      7.0888
338.00      7.1423
338.20      7.1968
338.40      7.2522
338.60      7.3087
338.80      7.3661
339.00      7.4244
339.20      7.4836
339.40      7.5436
339.60      7.6043
339.80      7.6656
340.00      7.7274
340.20      7.7897
340.40      7.8522
340.60      7.9148
340.80      7.9775
341.00      8.0401
341.20      8.1024
341.40      8.1645
341.60      8.2262
341.80      8.2874
342.00      8.3481
342.20      8.4082
342.40      8.4677
342.60      8.5266
342.80      8.5848
343.00      8.6424
343.20      8.6994
343.40      8.7557
343.60      8.8115
343.80      8.8668
344.00      8.9215
344.20      8.9759
344.40      9.0298
344.60      9.0834
344.80      9.1368
345.00      9.1899
345.20      9.2428
345.40      9.2956
345.60      9.3484
345.80      9.4011
346.00      9.4539
346.20      9.5067
346.40      9.5598
346.60       9.613
346.80      9.6665
347.00      9.7203
347.20      9.7744
347.40       9.829
347.60       9.884
347.80      9.9396
348.00      9.9958
348.20      10.053
348.40       10.11
348.60      10.168
348.80      10.227
349.00      10.287
349.20      10.347
349.40      10.409
349.60      10.472
349.80      10.535
350.00        10.6
350.20      10.666
350.40      10.733
350.60      10.802
350.80      10.872
351.00      10.943
351.20      11.016
351.40      11.091
351.60      11.167
351.80      11.245
352.00      11.326
352.20      11.408
352.40      11.493
352.60       11.58
352.80      11.669
353.00      11.762
353.20      11.857
353.40      11.955
353.60      12.056
353.80      12.161
354.00      12.269
354.20      12.381
354.40      12.497
354.60      12.617
354.80      12.743
355.00      12.872
355.20      13.007
355.40      13.148
355.60      13.294
355.80      13.446
356.00      13.604
356.20      13.769
356.40      13.941
356.60       14.12
356.80      14.306
357.00        14.5
357.20      14.701
357.40      14.911
357.60      15.128
357.80      15.354
358.00      15.588
358.20       15.83
358.40       16.08
358.60      16.339
358.80      16.606
359.00      16.881
359.20      17.164
359.40      17.456
359.60      17.754
359.80      18.061
360.00      18.374
360.20      18.695
360.40      19.022
360.60      19.355
360.80      19.695
361.00       20.04
361.20      20.391
361.40      20.746
361.60      21.106
361.80      21.471
362.00      21.838
362.20      22.209
362.40      22.582
362.60      22.958
362.80      23.334
363.00      23.712
363.20      24.091
363.40      24.469
363.60      24.847
363.80      25.223
364.00      25.597
364.20      25.969
364.40      26.339
364.60      26.704
364.80      27.066
365.00      27.423
365.20      27.775
365.40      28.122
365.60      28.462
365.80      28.797
366.00      29.125
366.20      29.447
366.40      29.761
366.60      30.068
366.80      30.368
367.00       30.66
367.20      30.944
367.40      31.221
367.60       31.49
367.80      31.751
368.00      32.004
368.20      32.249
368.40      32.487
368.60      32.717
368.80      32.939
369.00      33.153
369.20       33.36
369.40      33.558
369.60      33.749
369.80      33.933
370.00      34.108
370.20      34.276
370.40      34.435
370.60      34.587
370.80       34.73
371.00      34.865
371.20       34.99
371.40      35.107
371.60      35.215
371.80      35.314
372.00      35.403
372.20      35.482
372.40      35.551
372.60      35.611
372.80      35.659
373.00      35.697
373.20      35.725
373.40      35.742
373.60      35.748
373.80      35.744
374.00      35.728
374.20      35.702
374.40      35.666
374.60      35.619
374.80      35.562
375.00      35.496
375.20      35.419
375.40      35.334
375.60      35.239
375.80      35.136
376.00      35.025
376.20      34.907
376.40      34.781
376.60      34.648
376.80      34.509
377.00      34.364
377.20      34.213
377.40      34.058
377.60      33.898
377.80      33.734
378.00      33.567
378.20      33.396
378.40      33.223
378.60      33.047
378.80      32.869
379.00      32.689
379.20      32.508
379.40      32.325
379.60      32.142
379.80      31.958
380.00      31.773
380.20      31.588
380.40      31.402
380.60      31.217
380.80      31.031
381.00      30.846
381.20       30.66
381.40      30.475
381.60       30.29
381.80      30.105
382.00      29.921
382.20      29.737
382.40      29.554
382.60      29.371
382.80      29.189
383.00      29.007
383.20      28.826
383.40      28.646
383.60      28.466
383.80      28.287
384.00      28.108
384.20       27.93
384.40      27.753
384.60      27.577
384.80      27.401
385.00      27.226
385.20      27.052
385.40      26.878
385.60      26.705
385.80      26.533
386.00      26.361
386.20       26.19
386.40       26.02
386.60      25.851
386.80      25.682
387.00      25.514
387.20      25.346
387.40      25.179
387.60      25.013
387.80      24.848
388.00      24.683
388.20      24.519
388.40      24.355
388.60      24.192
388.80       24.03
389.00      23.869
389.20      23.708
389.40      23.548
389.60      23.388
389.80       23.23
390.00      23.072
390.20      22.915
390.40      22.759
390.60      22.603
390.80      22.449
391.00      22.295
391.20      22.142
391.40       21.99
391.60      21.839
391.80      21.689
392.00      21.539
392.20      21.391
392.40      21.244
392.60      21.098
392.80      20.952
393.00      20.808
393.20      20.665
393.40      20.524
393.60      20.383
393.80      20.243
394.00      20.105
394.20      19.968
394.40      19.832
394.60      19.697
394.80      19.563
395.00      19.431
395.20      19.299
395.40      19.169
395.60       19.04
395.80      18.912
396.00      18.786
396.20       18.66
396.40      18.536
396.60      18.412
396.80       18.29
397.00      18.169
397.20      18.049
397.40       17.93
397.60      17.812
397.80      17.694
398.00      17.578
398.20      17.463
398.40      17.349
398.60      17.235
398.80      17.122
399.00       17.01
399.20      16.899
399.40      16.789
399.60       16.68
399.80      16.571
400.00      16.463
400.20      16.355
400.40      16.249
400.60      16.143
400.80      16.037
401.00      15.933
401.20      15.829
401.40      15.726
401.60      15.623
401.80      15.522
402.00      15.421
402.20       15.32
402.40      15.221
402.60      15.122
402.80      15.024
403.00      14.927
403.20       14.83
403.40      14.734
403.60       14.64
403.80      14.545
404.00      14.452
404.20      14.359
404.40      14.267
404.60      14.176
404.80      14.086
405.00      13.996
405.20      13.907
405.40      13.819
405.60      13.732
405.80      13.645
406.00      13.559
406.20      13.474
406.40       13.39
406.60      13.306
406.80      13.223
407.00      13.141
407.20       13.06
407.40       12.98
407.60        12.9
407.80      12.821
408.00      12.743
408.20      12.665
408.40      12.589
408.60      12.513
408.80      12.437
409.00      12.362
409.20      12.288
409.40      12.215
409.60      12.142
409.80       12.07
410.00      11.998
410.20      11.927
410.40      11.857
410.60      11.786
410.80      11.717
411.00      11.648
411.20      11.579
411.40      11.511
411.60      11.443
411.80      11.376
412.00      11.309
412.20      11.242
412.40      11.176
412.60      11.111
412.80      11.046
413.00      10.981
413.20      10.917
413.40      10.853
413.60       10.79
413.80      10.727
414.00      10.665
414.20      10.604
414.40      10.543
414.60      10.482
414.80      10.422
415.00      10.363
415.20      10.304
415.40      10.245
415.60      10.188
415.80       10.13
416.00      10.073
416.20      10.017
416.40       9.961
416.60      9.9054
416.80      9.8504
417.00      9.7957
417.20      9.7414
417.40      9.6876
417.60      9.6341
417.80       9.581
418.00      9.5283
418.20       9.476
418.40      9.4241
418.60      9.3726
418.80      9.3214
419.00      9.2707
419.20      9.2204
419.40      9.1705
419.60      9.1211
419.80       9.072
420.00      9.0234
420.20      8.9753
420.40      8.9276
420.60      8.8803
420.80      8.8335
421.00       8.787
421.20       8.741
421.40      8.6954
421.60      8.6503
421.80      8.6055
422.00      8.5611
422.20      8.5171
422.40      8.4735
422.60      8.4304
422.80      8.3876
423.00      8.3453
423.20      8.3033
423.40      8.2618
423.60      8.2207
423.80        8.18
424.00      8.1397
424.20      8.0998
424.40      8.0602
424.60       8.021
424.80      7.9821
425.00      7.9436
425.20      7.9053
425.40      7.8673
425.60      7.8295
425.80       7.792
426.00      7.7547
426.20      7.7176
426.40      7.6807
426.60       7.644
426.80      7.6074
427.00      7.5711
427.20       7.535
427.40      7.4992
427.60      7.4635
427.80      7.4281
428.00       7.393
428.20      7.3581
428.40      7.3234
428.60      7.2891
428.80       7.255
429.00      7.2212
429.20      7.1877
429.40      7.1545
429.60      7.1215
429.80      7.0889
430.00      7.0565
430.20      7.0245
430.40      6.9927
430.60      6.9611
430.80      6.9298
431.00      6.8988
431.20      6.8679
431.40      6.8373
431.60      6.8068
431.80      6.7765
432.00      6.7464
432.20      6.7164
432.40      6.6866
432.60       6.657
432.80      6.6275
433.00      6.5982
433.20      6.5692
433.40      6.5403
433.60      6.5116
433.80      6.4832
434.00       6.455
434.20      6.4271
434.40      6.3994
434.60       6.372
434.80      6.3449
435.00       6.318
435.20      6.2914
435.40       6.265
435.60      6.2388
435.80      6.2128
436.00      6.1871
436.20      6.1615
436.40      6.1361
436.60      6.1109
436.80      6.0858
437.00      6.0609
437.20      6.0361
437.40      6.0115
437.60      5.9869
437.80      5.9625
438.00      5.9383
438.20      5.9141
438.40      5.8901
438.60      5.8661
438.80      5.8423
439.00      5.8186
439.20      5.7949
439.40      5.7714
439.60      5.7479
439.80      5.7245
440.00      5.7013
440.20      5.6781
440.40      5.6551
440.60      5.6321
440.80      5.6093
441.00      5.5866
441.20      5.5641
441.40      5.5418
441.60      5.5196
441.80      5.4976
442.00      5.4759
442.20      5.4543
442.40      5.4329
442.60      5.4118
442.80      5.3909
443.00      5.3702
443.20      5.3497
443.40      5.3294
443.60      5.3093
443.80      5.2894
444.00      5.2697
444.20      5.2502
444.40      5.2309
444.60      5.2118
444.80      5.1929
445.00      5.1742
445.20      5.1556
445.40      5.1372
445.60       5.119
445.80      5.1009
446.00      5.0829
446.20      5.0651
446.40      5.0475
446.60        5.03
446.80      5.0126
447.00      4.9953
447.20      4.9782
447.40      4.9612
447.60      4.9444
447.80      4.9277
448.00      4.9111
448.20      4.8947
448.40      4.8784
448.60      4.8623
448.80      4.8463
449.00      4.8304
449.20      4.8147
449.40      4.7991
449.60      4.7836
449.80      4.7682
450.00      4.7529
450.20      4.7378
450.40      4.7229
450.60       4.708
450.80      4.6933
451.00      4.6787
451.20      4.6642
451.40      4.6499
451.60      4.6357
451.80      4.6216
452.00      4.6076
452.20      4.5937
452.40      4.5799
452.60      4.5661
452.80      4.5524
453.00      4.5387
453.20      4.5251
453.40      4.5114
453.60      4.4978
453.80      4.4842
454.00      4.4706
454.20       4.457
454.40      4.4433
454.60      4.4297
454.80       4.416
455.00      4.4024
455.20      4.3888
455.40      4.3751
455.60      4.3615
455.80      4.3478
456.00      4.3342
456.20      4.3206
456.40      4.3071
456.60      4.2935
456.80      4.2801
457.00      4.2667
457.20      4.2535
457.40      4.2403
457.60      4.2272
457.80      4.2143
458.00      4.2015
458.20      4.1889
458.40      4.1764
458.60      4.1641
458.80       4.152
459.00      4.1401
459.20      4.1283
459.40      4.1167
459.60      4.1053
459.80       4.094
460.00      4.0829
460.20       4.072
460.40      4.0612
460.60      4.0506
460.80      4.0401
461.00      4.0297
461.20      4.0193
461.40      4.0091
461.60       3.999
461.80      3.9889
462.00      3.9788
462.20      3.9688
462.40      3.9588
462.60      3.9488
462.80      3.9389
463.00      3.9289
463.20       3.919
463.40      3.9091
463.60      3.8991
463.80      3.8892
464.00      3.8793
464.20      3.8693
464.40      3.8594
464.60      3.8495
464.80      3.8395
465.00      3.8296
465.20      3.8197
465.40      3.8098
465.60         3.8
465.80      3.7901
466.00      3.7803
466.20      3.7706
466.40      3.7608
466.60      3.7511
466.80      3.7415
467.00      3.7319
467.20      3.7224
467.40      3.7129
467.60      3.7034
467.80       3.694
468.00      3.6846
468.20      3.6752
468.40      3.6659
468.60      3.6567
468.80      3.6474
469.00      3.6382
469.20      3.6291
469.40        3.62
469.60       3.611
469.80       3.602
470.00      3.5931
470.20      3.5843
470.40      3.5756
470.60       3.567
470.80      3.5585
471.00        3.55
471.20      3.5416
471.40      3.5333
471.60       3.525
471.80      3.5168
472.00      3.5086
472.20      3.5005
472.40      3.4924
472.60      3.4844
472.80      3.4765
473.00      3.4686
473.20      3.4607
473.40       3.453
473.60      3.4453
473.80      3.4377
474.00      3.4302
474.20      3.4228
474.40      3.4155
474.60      3.4083
474.80      3.4012
475.00      3.3942
475.20      3.3873
475.40      3.3804
475.60      3.3736
475.80      3.3668
476.00      3.3601
476.20      3.3534
476.40      3.3468
476.60      3.3401
476.80      3.3335
477.00      3.3269
477.20      3.3203
477.40      3.3137
477.60       3.307
477.80      3.3003
478.00      3.2936
478.20      3.2868
478.40      3.2801
478.60      3.2733
478.80      3.2665
479.00      3.2597
479.20       3.253
479.40      3.2462
479.60      3.2395
479.80      3.2329
480.00      3.2263
480.20      3.2197
480.40      3.2132
480.60      3.2068
480.80      3.2005
481.00      3.1942
481.20       3.188
481.40      3.1819
481.60      3.1758
481.80      3.1698
482.00      3.1639
482.20      3.1581
482.40      3.1523
482.60      3.1466
482.80       3.141
483.00      3.1354
483.20      3.1299
483.40      3.1245
483.60      3.1191
483.80      3.1139
484.00      3.1087
484.20      3.1036
484.40      3.0986
484.60      3.0937
484.80      3.0888
485.00       3.084
485.20      3.0792
485.40      3.0745
485.60      3.0699
485.80      3.0652
486.00      3.0606
486.20       3.056
486.40      3.0514
486.60      3.0467
486.80      3.0421
487.00      3.0374
487.20      3.0327
487.40       3.028
487.60      3.0232
487.80      3.0184
488.00      3.0136
488.20      3.0087
488.40      3.0038
488.60      2.9987
488.80      2.9937
489.00      2.9885
489.20      2.9833
489.40       2.978
489.60      2.9727
489.80      2.9674
490.00       2.962
490.20      2.9566
490.40      2.9511
490.60      2.9456
490.80      2.9401
491.00      2.9347
491.20      2.9292
491.40      2.9237
491.60      2.9183
491.80      2.9129
492.00      2.9075
492.20      2.9021
492.40      2.8968
492.60      2.8916
492.80      2.8864
493.00      2.8812
493.20      2.8761
493.40       2.871
493.60       2.866
493.80      2.8611
494.00      2.8563
494.20      2.8515
494.40      2.8467
494.60       2.842
494.80      2.8373
495.00      2.8327
495.20      2.8281
495.40      2.8235
495.60       2.819
495.80      2.8145
496.00        2.81
496.20      2.8055
496.40       2.801
496.60      2.7965
496.80       2.792
497.00      2.7875
497.20       2.783
497.40      2.7784
497.60      2.7738
497.80      2.7692
498.00      2.7646
498.20      2.7599
498.40      2.7551
498.60      2.7503
498.80      2.7455
499.00      2.7405
499.20      2.7355
499.40      2.7304
499.60      2.7252
499.80        2.72
500.00      2.7147
500.20      2.7093
500.40      2.7039
500.60      2.6985
500.80       2.693
501.00      2.6875
501.20       2.682
501.40      2.6765
501.60       2.671
501.80      2.6655
502.00        2.66
502.20      2.6546
502.40      2.6493
502.60      2.6439
502.80      2.6386
503.00      2.6334
503.20      2.6282
503.40       2.623
503.60      2.6179
503.80      2.6127
504.00      2.6076
504.20      2.6025
504.40      2.5974
504.60      2.5923
504.80      2.5873
505.00      2.5822
505.20      2.5771
505.40      2.5719
505.60      2.5668
505.80      2.5616
506.00      2.5564
506.20      2.5511
506.40      2.5459
506.60      2.5406
506.80      2.5352
507.00      2.5299
507.20      2.5245
507.40       2.519
507.60      2.5136
507.80      2.5081
508.00      2.5025
508.20      2.4969
508.40      2.4912
508.60      2.4854
508.80      2.4795
509.00      2.4736
509.20      2.4675
509.40      2.4614
509.60      2.4551
509.80      2.4487
510.00      2.4423
510.20      2.4357
510.40       2.429
510.60      2.4222
510.80      2.4153
511.00      2.4083
511.20      2.4012
511.40       2.394
511.60      2.3867
511.80      2.3794
512.00       2.372
512.20      2.3646
512.40      2.3571
512.60      2.3496
512.80      2.3422
513.00      2.3347
513.20      2.3273
513.40      2.3199
513.60      2.3126
513.80      2.3053
514.00      2.2981
514.20      2.2909
514.40      2.2838
514.60      2.2767
514.80      2.2697
515.00      2.2628
515.20       2.256
515.40      2.2492
515.60      2.2425
515.80      2.2358
516.00      2.2293
516.20      2.2228
516.40      2.2164
516.60        2.21
516.80      2.2037
517.00      2.1975
517.20      2.1913
517.40      2.1851
517.60       2.179
517.80       2.173
518.00      2.1669
518.20      2.1609
518.40      2.1549
518.60      2.1489
518.80      2.1428
519.00      2.1367
519.20      2.1306
519.40      2.1244
519.60      2.1181
519.80      2.1118
520.00      2.1053
520.20      2.0988
520.40      2.0921
520.60      2.0854
520.80      2.0785
521.00      2.0715
521.20      2.0644
521.40      2.0572
521.60      2.0499
521.80      2.0425
522.00       2.035
522.20      2.0275
522.40      2.0198
522.60      2.0122
522.80      2.0044
523.00      1.9967
523.20      1.9889
523.40      1.9811
523.60      1.9733
523.80      1.9656
524.00      1.9578
524.20      1.9501
524.40      1.9423
524.60      1.9347
524.80       1.927
525.00      1.9194
525.20      1.9118
525.40      1.9042
525.60      1.8966
525.80      1.8891
526.00      1.8816
526.20      1.8741
526.40      1.8666
526.60      1.8591
526.80      1.8516
527.00      1.8442
527.20      1.8367
527.40      1.8292
527.60      1.8217
527.80      1.8141
528.00      1.8066
528.20       1.799
528.40      1.7914
528.60      1.7837
528.80      1.7759
529.00      1.7681
529.20      1.7603
529.40      1.7524
529.60      1.7445
529.80      1.7365
530.00      1.7285
530.20      1.7204
530.40      1.7124
530.60      1.7044
530.80      1.6964
531.00      1.6884
531.20      1.6804
531.40      1.6725
531.60      1.6646
531.80      1.6568
532.00      1.6491
532.20      1.6414
532.40      1.6339
532.60      1.6264
532.80       1.619
533.00      1.6117
533.20      1.6044
533.40      1.5973
533.60      1.5902
533.80      1.5832
534.00      1.5762
534.20      1.5693
534.40      1.5624
534.60      1.5556
534.80      1.5488
535.00       1.542
535.20      1.5353
535.40      1.5285
535.60      1.5218
535.80      1.5151
536.00      1.5085
536.20      1.5018
536.40      1.4952
536.60      1.4885
536.80      1.4819
537.00      1.4753
537.20      1.4687
537.40       1.462
537.60      1.4553
537.80      1.4485
538.00      1.4418
538.20       1.435
538.40      1.4281
538.60      1.4212
538.80      1.4143
539.00      1.4074
539.20      1.4004
539.40      1.3935
539.60      1.3865
539.80      1.3796
540.00      1.3726
540.20      1.3657
540.40      1.3589
540.60      1.3521
540.80      1.3454
541.00      1.3388
541.20      1.3322
541.40      1.3258
541.60      1.3195
541.80      1.3133
542.00      1.3072
542.20      1.3012
542.40      1.2953
542.60      1.2895
542.80      1.2838
543.00      1.2782
543.20      1.2727
543.40      1.2673
543.60      1.2619
543.80      1.2566
544.00      1.2514
544.20      1.2461
544.40       1.241
544.60      1.2358
544.80      1.2307
545.00      1.2256
545.20      1.2206
545.40      1.2155
545.60      1.2105
545.80      1.2056
546.00      1.2007
546.20      1.1958
546.40       1.191
546.60      1.1863
546.80      1.1817
547.00      1.1772
547.20      1.1729
547.40      1.1686
547.60      1.1646
547.80      1.1607
548.00       1.157
548.20      1.1535
548.40      1.1502
548.60      1.1471
548.80      1.1442
549.00      1.1415
549.20       1.139
549.40      1.1367
549.60      1.1346
549.80      1.1326
550.00      1.1307
550.20      1.1289
550.40      1.1272
550.60      1.1256
550.80      1.1239
551.00      1.1223
551.20      1.1207
551.40      1.1191
551.60      1.1174
551.80      1.1157
552.00       1.114
552.20      1.1122
552.40      1.1103
552.60      1.1084
552.80      1.1064
553.00      1.1043
553.20      1.1022
553.40         1.1
553.60      1.0977
553.80      1.0953
554.00      1.0929
554.20      1.0904
554.40      1.0878
554.60      1.0851
554.80      1.0823
555.00      1.0795
555.20      1.0766
555.40      1.0737
555.60      1.0707
555.80      1.0676
556.00      1.0646
556.20      1.0615
556.40      1.0584
556.60      1.0554
556.80      1.0524
557.00      1.0495
557.20      1.0466
557.40      1.0439
557.60      1.0413
557.80      1.0388
558.00      1.0364
558.20      1.0342
558.40      1.0321
558.60      1.0302
558.80      1.0285
559.00      1.0269
559.20      1.0255
559.40      1.0243
559.60      1.0233
559.80      1.0224
560.00      1.0216
560.20      1.0211
560.40      1.0206
560.60      1.0203
560.80      1.0201
561.00        1.02
561.20        1.02
561.40        1.02
561.60      1.0201
561.80      1.0203
562.00      1.0204
562.20      1.0206
562.40      1.0208
562.60       1.021
562.80      1.0211
563.00      1.0212
563.20      1.0212
563.40      1.0211
563.60      1.0209
563.80      1.0207
564.00      1.0203
564.20      1.0198
564.40      1.0193
564.60      1.0187
564.80       1.018
565.00      1.0172
565.20      1.0164
565.40      1.0156
565.60      1.0148
565.80      1.0139
566.00      1.0131
566.20      1.0123
566.40      1.0115
566.60      1.0108
566.80      1.0102
567.00      1.0096
567.20      1.0091
567.40      1.0086
567.60      1.0082
567.80      1.0079
568.00      1.0077
568.20      1.0076
568.40      1.0076
568.60      1.0077
568.80       1.008
569.00      1.0084
569.20      1.0089
569.40      1.0095
569.60      1.0103
569.80      1.0112
570.00      1.0122
570.20      1.0134
570.40      1.0148
570.60      1.0163
570.80      1.0179
571.00      1.0197
571.20      1.0216
571.40      1.0236
571.60      1.0257
571.80      1.0278
572.00      1.0299
572.20       1.032
572.40      1.0341
572.60      1.0361
572.80       1.038
573.00      1.0399
573.20      1.0415
573.40      1.0431
573.60      1.0445
573.80      1.0457
574.00      1.0467
574.20      1.0476
574.40      1.0484
574.60       1.049
574.80      1.0495
575.00        1.05
575.20      1.0503
575.40      1.0506
575.60      1.0508
575.80      1.0509
576.00      1.0511
576.20      1.0512
576.40      1.0514
576.60      1.0515
576.80      1.0517
577.00      1.0519
577.20      1.0521
577.40      1.0524
577.60      1.0527
577.80      1.0531
578.00      1.0535
578.20      1.0539
578.40      1.0544
578.60      1.0549
578.80      1.0553
579.00      1.0558
579.20      1.0561
579.40      1.0565
579.60      1.0567
579.80      1.0569
580.00       1.057
580.20       1.057
580.40       1.057
580.60      1.0569
580.80      1.0567
581.00      1.0565
581.20      1.0562
581.40      1.0559
581.60      1.0556
581.80      1.0554
582.00      1.0552
582.20      1.0551
582.40      1.0551
582.60      1.0551
582.80      1.0553
583.00      1.0555
583.20      1.0558
583.40      1.0561
583.60      1.0565
583.80       1.057
584.00      1.0574
584.20       1.058
584.40      1.0585
584.60      1.0591
584.80      1.0597
585.00      1.0604
585.20      1.0612
585.40       1.062
585.60      1.0629
585.80      1.0638
586.00      1.0648
586.20      1.0659
586.40      1.0671
586.60      1.0683
586.80      1.0695
587.00      1.0708
587.20      1.0722
587.40      1.0736
587.60      1.0751
587.80      1.0766
588.00      1.0782
588.20      1.0797
588.40      1.0813
588.60      1.0829
588.80      1.0845
589.00      1.0861
589.20      1.0877
589.40      1.0893
589.60      1.0908
589.80      1.0923
590.00      1.0937
590.20      1.0951
590.40      1.0964
590.60      1.0976
590.80      1.0988
591.00      1.0999
591.20      1.1009
591.40      1.1019
591.60      1.1029
591.80      1.1039
592.00      1.1048
592.20      1.1057
592.40      1.1065
592.60      1.1073
592.80      1.1081
593.00      1.1088
593.20      1.1095
593.40      1.1102
593.60      1.1109
593.80      1.1116
594.00      1.1122
594.20      1.1129
594.40      1.1136
594.60      1.1143
594.80       1.115
595.00      1.1157
595.20      1.1163
595.40       1.117
595.60      1.1175
595.80      1.1181
596.00      1.1185
596.20      1.1189
596.40      1.1191
596.60      1.1193
596.80      1.1194
597.00      1.1194
597.20      1.1193
597.40      1.1191
597.60      1.1188
597.80      1.1183
598.00      1.1178
598.20      1.1171
598.40      1.1164
598.60      1.1156
598.80      1.1147
599.00      1.1137
599.20      1.1127
599.40      1.1116
599.60      1.1105
599.80      1.1095
600.00      1.1084
600.20      1.1074
600.40      1.1064
600.60      1.1054
600.80      1.1045
601.00      1.1037
601.20       1.103
601.40      1.1023
601.60      1.1017
601.80      1.1012
602.00      1.1007
602.20      1.1002
602.40      1.0997
602.60      1.0993
602.80      1.0988
603.00      1.0984
603.20      1.0979
603.40      1.0974
603.60      1.0968
603.80      1.0962
604.00      1.0956
604.20      1.0949
604.40      1.0942
604.60      1.0935
604.80      1.0927
605.00       1.092
605.20      1.0913
605.40      1.0905
605.60      1.0898
605.80       1.089
606.00      1.0883
606.20      1.0876
606.40      1.0868
606.60      1.0861
606.80      1.0854
607.00      1.0847
607.20       1.084
607.40      1.0834
607.60      1.0829
607.80      1.0824
608.00      1.0819
608.20      1.0816
608.40      1.0813
608.60       1.081
608.80      1.0808
609.00      1.0806
609.20      1.0805
609.40      1.0804
609.60      1.0803
609.80      1.0802
610.00      1.0801
610.20        1.08
610.40      1.0798
610.60      1.0797
610.80      1.0795
611.00      1.0792
611.20      1.0788
611.40      1.0784
611.60      1.0779
611.80      1.0774
612.00      1.0767
612.20       1.076
612.40      1.0751
612.60      1.0742
612.80      1.0733
613.00      1.0722
613.20      1.0711
613.40        1.07
613.60      1.0688
613.80      1.0675
614.00      1.0662
614.20      1.0648
614.40      1.0634
614.60       1.062
614.80      1.0605
615.00       1.059
615.20      1.0575
615.40      1.0559
615.60      1.0542
615.80      1.0525
616.00      1.0508
616.20      1.0491
616.40      1.0473
616.60      1.0455
616.80      1.0436
617.00      1.0417
617.20      1.0397
617.40      1.0377
617.60      1.0357
617.80      1.0337
618.00      1.0316
618.20      1.0295
618.40      1.0274
618.60      1.0253
618.80      1.0232
619.00      1.0211
619.20      1.0189
619.40      1.0168
619.60      1.0147
619.80      1.0127
620.00      1.0106
620.20      1.0086
620.40      1.0067
620.60      1.0047
620.80      1.0029
621.00       1.001
621.20     0.99923
621.40     0.99748
621.60     0.99578
621.80     0.99411
622.00     0.99248
622.20     0.99088
622.40     0.98929
622.60     0.98771
622.80     0.98613
623.00     0.98452
623.20      0.9829
623.40     0.98125
623.60     0.97958
623.80     0.97788
624.00     0.97615
624.20     0.97438
624.40     0.97259
624.60     0.97076
624.80     0.96892
625.00     0.96707
625.20      0.9652
625.40     0.96334
625.60     0.96148
625.80     0.95962
626.00     0.95776
626.20      0.9559
626.40     0.95405
626.60      0.9522
626.80     0.95036
627.00     0.94852
627.20      0.9467
627.40     0.94488
627.60     0.94306
627.80     0.94127
628.00      0.9395
628.20     0.93776
628.40     0.93605
628.60     0.93437
628.80     0.93275
629.00     0.93119
629.20     0.92968
629.40     0.92824
629.60     0.92686
629.80     0.92556
630.00     0.92433
630.20     0.92318
630.40     0.92211
630.60     0.92111
630.80     0.92018
631.00     0.91931
631.20     0.91848
631.40     0.91769
631.60     0.91694
631.80     0.91622
632.00     0.91553
632.20     0.91487
632.40     0.91425
632.60     0.91369
632.80     0.91319
633.00     0.91277
633.20     0.91245
633.40     0.91223
633.60     0.91212
633.80     0.91213
634.00     0.91224
634.20     0.91247
634.40     0.91281
634.60     0.91326
634.80      0.9138
635.00     0.91442
635.20     0.91512
635.40     0.91587
635.60     0.91666
635.80     0.91747
636.00      0.9183
636.20     0.91915
636.40     0.92001
636.60     0.92088
636.80     0.92175
637.00     0.92263
637.20     0.92351
637.40     0.92437
637.60     0.92522
637.80     0.92605
638.00     0.92685
638.20     0.92763
638.40      0.9284
638.60     0.92916
638.80     0.92993
639.00     0.93071
639.20     0.93152
639.40     0.93237
639.60     0.93326
639.80     0.93421
640.00     0.93522
640.20     0.93628
640.40      0.9374
640.60     0.93856
640.80     0.93978
641.00     0.94105
641.20     0.94237
641.40     0.94375
641.60     0.94518
641.80     0.94666
642.00     0.94819
642.20     0.94978
642.40     0.95142
642.60     0.95312
642.80     0.95488
643.00     0.95672
643.20     0.95861
643.40     0.96057
643.60     0.96259
643.80     0.96467
644.00     0.96681
644.20       0.969
644.40     0.97124
644.60     0.97352
644.80     0.97584
645.00      0.9782
645.20     0.98058
645.40     0.98299
645.60     0.98542
645.80     0.98786
646.00     0.99033
646.20     0.99281
646.40     0.99531
646.60     0.99783
646.80      1.0004
647.00      1.0029
647.20      1.0055
647.40      1.0081
647.60      1.0108
647.80      1.0135
648.00      1.0163
648.20      1.0191
648.40      1.0219
648.60      1.0248
648.80      1.0278
649.00      1.0308
649.20      1.0338
649.40      1.0368
649.60      1.0399
649.80       1.043
650.00       1.046
650.20      1.0491
650.40      1.0521
650.60      1.0551
650.80      1.0581
651.00      1.0611
651.20       1.064
651.40      1.0669
651.60      1.0697
651.80      1.0725
652.00      1.0752
652.20      1.0779
652.40      1.0805
652.60      1.0831
652.80      1.0856
653.00      1.0881
653.20      1.0905
653.40      1.0929
653.60      1.0952
653.80      1.0975
654.00      1.0998
654.20       1.102
654.40      1.1042
654.60      1.1064
654.80      1.1085
655.00      1.1107
655.20      1.1129
655.40       1.115
655.60      1.1172
655.80      1.1194
656.00      1.1216
656.20      1.1238
656.40       1.126
656.60      1.1283
656.80      1.1305
657.00      1.1328
657.20       1.135
657.40      1.1372
657.60      1.1393
657.80      1.1414
658.00      1.1434
658.20      1.1454
658.40      1.1472
658.60       1.149
658.80      1.1506
659.00      1.1521
659.20      1.1534
659.40      1.1546
659.60      1.1557
659.80      1.1565
660.00      1.1572
660.20      1.1577
660.40       1.158
660.60      1.1581
660.80      1.1581
661.00      1.1579
661.20      1.1575
661.40       1.157
661.60      1.1564
661.80      1.1556
662.00      1.1548
662.20      1.1538
662.40      1.1529
662.60      1.1519
662.80      1.1509
663.00        1.15
663.20      1.1491
663.40      1.1482
663.60      1.1475
663.80      1.1469
664.00      1.1464
664.20       1.146
664.40      1.1458
664.60      1.1457
664.80      1.1457
665.00      1.1459
665.20      1.1461
665.40      1.1464
665.60      1.1468
665.80      1.1472
666.00      1.1476
666.20      1.1479
666.40      1.1483
666.60      1.1486
666.80       1.149
667.00      1.1492
667.20      1.1495
667.40      1.1496
667.60      1.1498
667.80      1.1498
668.00      1.1499
668.20      1.1498
668.40      1.1497
668.60      1.1496
668.80      1.1494
669.00      1.1491
669.20      1.1487
669.40      1.1483
669.60      1.1478
669.80      1.1473
670.00      1.1467
670.20       1.146
670.40      1.1453
670.60      1.1446
670.80      1.1439
671.00      1.1432
671.20      1.1424
671.40      1.1417
671.60      1.1409
671.80      1.1401
672.00      1.1393
672.20      1.1385
672.40      1.1376
672.60      1.1367
672.80      1.1357
673.00      1.1347
673.20      1.1336
673.40      1.1326
673.60      1.1315
673.80      1.1304
674.00      1.1293
674.20      1.1282
674.40      1.1272
674.60      1.1262
674.80      1.1253
675.00      1.1245
675.20      1.1237
675.40      1.1231
675.60      1.1225
675.80       1.122
676.00      1.1216
676.20      1.1213
676.40       1.121
676.60      1.1208
676.80      1.1205
677.00      1.1203
677.20      1.1201
677.40      1.1199
677.60      1.1197
677.80      1.1194
678.00       1.119
678.20      1.1185
678.40       1.118
678.60      1.1174
678.80      1.1166
679.00      1.1158
679.20      1.1148
679.40      1.1137
679.60      1.1124
679.80      1.1111
680.00      1.1097
680.20      1.1081
680.40      1.1065
680.60      1.1049
680.80      1.1032
681.00      1.1014
681.20      1.0996
681.40      1.0979
681.60      1.0961
681.80      1.0944
682.00      1.0927
682.20      1.0911
682.40      1.0895
682.60      1.0881
682.80      1.0867
683.00      1.0855
683.20      1.0844
683.40      1.0834
683.60      1.0826
683.80      1.0819
684.00      1.0813
684.20      1.0808
684.40      1.0805
684.60      1.0802
684.80        1.08
685.00      1.0798
685.20      1.0797
685.40      1.0797
685.60      1.0796
685.80      1.0796
686.00      1.0796
686.20      1.0796
686.40      1.0796
686.60      1.0796
686.80      1.0795
687.00      1.0794
687.20      1.0792
687.40       1.079
687.60      1.0787
687.80      1.0784
688.00       1.078
688.20      1.0775
688.40      1.0769
688.60      1.0763
688.80      1.0756
689.00      1.0748
689.20      1.0739
689.40      1.0731
689.60      1.0722
689.80      1.0713
690.00      1.0705
690.20      1.0697
690.40       1.069
690.60      1.0684
690.80      1.0679
691.00      1.0674
691.20      1.0672
691.40      1.0671
691.60      1.0671
691.80      1.0673
692.00      1.0677
692.20      1.0682
692.40      1.0688
692.60      1.0696
692.80      1.0704
693.00      1.0712
693.20      1.0722
693.40      1.0731
693.60       1.074
693.80       1.075
694.00      1.0758
694.20      1.0767
694.40      1.0774
694.60      1.0781
694.80      1.0787
695.00      1.0792
695.20      1.0796
695.40        1.08
695.60      1.0803
695.80      1.0804
696.00      1.0805
696.20      1.0806
696.40      1.0805
696.60      1.0803
696.80      1.0801
697.00      1.0798
697.20      1.0793
697.40      1.0788
697.60      1.0782
697.80      1.0775
698.00      1.0766
698.20      1.0757
698.40      1.0747
698.60      1.0737
698.80      1.0725
699.00      1.0713
699.20      1.0701
699.40      1.0689
699.60      1.0676
699.80      1.0664
700.00      1.0651
700.20      1.0639
700.40      1.0626
700.60      1.0615
700.80      1.0604
701.00      1.0593
701.20      1.0583
701.40      1.0573
701.60      1.0564
701.80      1.0555
702.00      1.0548
702.20       1.054
702.40      1.0534
702.60      1.0528
702.80      1.0522
703.00      1.0516
703.20       1.051
703.40      1.0504
703.60      1.0497
703.80      1.0489
704.00      1.0481
704.20      1.0471
704.40      1.0459
704.60      1.0446
704.80      1.0431
705.00      1.0414
705.20      1.0395
705.40      1.0374
705.60      1.0351
705.80      1.0326
706.00      1.0299
706.20      1.0271
706.40       1.024
706.60      1.0208
706.80      1.0174
707.00      1.0138
707.20      1.0101
707.40      1.0062
707.60      1.0023
707.80     0.99818
708.00     0.99399
708.20     0.98971
708.40     0.98534
708.60     0.98091
708.80      0.9764
709.00     0.97183
709.20     0.96719
709.40     0.96247
709.60     0.95767
709.80      0.9528
710.00     0.94784
710.20     0.94278
710.40     0.93764
710.60     0.93239
710.80     0.92704
711.00     0.92158
711.20     0.91601
711.40     0.91032
711.60     0.90451
711.80     0.89858
712.00     0.89254
712.20     0.88638
712.40     0.88012
712.60     0.87376
712.80     0.86731
713.00     0.86078
713.20     0.85418
713.40     0.84754
713.60     0.84087
713.80     0.83419
714.00     0.82753
714.20     0.82092
714.40     0.81438
714.60     0.80794
714.80     0.80164
715.00     0.79549
715.20     0.78953
715.40     0.78377
715.60     0.77824
715.80     0.77295
716.00     0.76791
716.20     0.76316
716.40     0.75868
716.60      0.7545
716.80     0.75059
717.00     0.74697
717.20      0.7436
717.40     0.74049
717.60     0.73761
717.80     0.73495
718.00     0.73247
718.20     0.73016
718.40       0.728
718.60     0.72596
718.80     0.72402
719.00     0.72216
719.20     0.72035
719.40      0.7186
719.60     0.71688
719.80     0.71518
720.00     0.71348
