 0.20      0.8399
 0.40     0.83998
 0.60     0.84007
 0.80     0.84015
 1.00     0.84023
 1.20     0.84031
 1.40      0.8404
 1.60     0.84048
 1.80     0.84056
 2.00     0.84063
 2.20      0.8407
 2.40     0.84076
 2.60      0.8408
 2.80     0.84081
 3.00     0.84076
 3.20     0.84064
 3.40     0.84045
 3.60     0.84015
 3.80     0.83973
 4.00     0.83918
 4.20     0.83847
 4.40      0.8376
 4.60     0.83654
 4.80     0.83528
 5.00     0.83382
 5.20     0.83215
 5.40     0.83026
 5.60     0.82818
 5.80      0.8259
 6.00     0.82345
 6.20     0.82083
 6.40     0.81805
 6.60     0.81514
 6.80     0.81209
 7.00     0.80893
 7.20     0.80568
 7.40     0.80234
 7.60     0.79895
 7.80     0.79551
 8.00     0.79206
 8.20      0.7886
 8.40     0.78518
 8.60      0.7818
 8.80     0.77848
 9.00     0.77526
 9.20     0.77213
 9.40     0.76911
 9.60     0.76622
 9.80     0.76347
10.00     0.76086
10.20     0.75839
10.40     0.75607
10.60     0.75389
10.80     0.75185
11.00     0.74996
11.20     0.74819
11.40     0.74653
11.60     0.74499
11.80     0.74355
12.00     0.74222
12.20     0.74096
12.40     0.73978
12.60     0.73865
12.80     0.73756
13.00      0.7365
13.20     0.73545
13.40     0.73441
13.60     0.73337
13.80     0.73233
14.00      0.7313
14.20     0.73026
14.40     0.72922
14.60     0.72817
14.80      0.7271
15.00     0.72602
15.20     0.72492
15.40      0.7238
15.60     0.72267
15.80     0.72152
16.00     0.72035
16.20     0.71914
16.40     0.71788
16.60     0.71658
16.80     0.71522
17.00      0.7138
17.20     0.71232
17.40     0.71077
17.60     0.70917
17.80      0.7075
18.00     0.70575
18.20     0.70394
18.40     0.70205
18.60      0.7001
18.80     0.69809
19.00     0.69604
19.20     0.69395
19.40     0.69183
19.60     0.68969
19.80     0.68754
20.00     0.68539
20.20     0.68324
20.40     0.68111
20.60     0.67902
20.80     0.67696
21.00     0.67496
21.20     0.67302
21.40     0.67115
21.60     0.66937
21.80     0.66767
22.00     0.66606
22.20     0.66455
22.40     0.66314
22.60     0.66182
22.80      0.6606
23.00     0.65946
23.20     0.65839
23.40      0.6574
23.60     0.65646
23.80     0.65558
24.00     0.65476
24.20       0.654
24.40     0.65332
24.60     0.65272
24.80     0.65222
25.00     0.65182
25.20     0.65155
25.40     0.65139
25.60     0.65135
25.80     0.65145
26.00     0.65167
26.20     0.65202
26.40      0.6525
26.60      0.6531
26.80     0.65381
27.00     0.65463
27.20     0.65554
27.40     0.65653
27.60     0.65757
27.80     0.65863
28.00     0.65972
28.20      0.6608
28.40     0.66186
28.60     0.66288
28.80     0.66385
29.00     0.66475
29.20     0.66554
29.40     0.66621
29.60     0.66675
29.80     0.66714
30.00     0.66737
30.20     0.66744
30.40     0.66734
30.60     0.66707
30.80     0.66664
31.00     0.66605
31.20     0.66531
31.40     0.66443
31.60     0.66343
31.80     0.66233
32.00     0.66114
32.20      0.6599
32.40      0.6586
32.60     0.65727
32.80     0.65593
33.00     0.65459
33.20     0.65328
33.40     0.65202
33.60     0.65082
33.80      0.6497
34.00     0.64867
34.20     0.64774
34.40     0.64694
34.60     0.64627
34.80     0.64575
35.00     0.64538
35.20     0.64515
35.40     0.64507
35.60     0.64512
35.80     0.64528
36.00     0.64552
36.20     0.64583
36.40     0.64618
36.60     0.64655
36.80     0.64692
37.00     0.64729
37.20     0.64764
37.40     0.64797
37.60     0.64827
37.80     0.64854
38.00     0.64879
38.20     0.64901
38.40      0.6492
38.60     0.64938
38.80     0.64953
39.00     0.64968
39.20     0.64982
39.40     0.64997
39.60     0.65012
39.80     0.65028
40.00     0.65046
40.20     0.65066
40.40      0.6509
40.60     0.65117
40.80     0.65147
41.00     0.65182
41.20     0.65221
41.40     0.65263
41.60      0.6531
41.80     0.65359
42.00     0.65411
42.20     0.65464
42.40     0.65516
42.60     0.65567
42.80     0.65615
43.00     0.65661
43.20     0.65705
43.40     0.65747
43.60     0.65788
43.80      0.6583
44.00     0.65872
44.20     0.65918
44.40     0.65968
44.60     0.66025
44.80     0.66089
45.00     0.66163
45.20     0.66248
45.40     0.66345
45.60     0.66456
45.80     0.66582
46.00     0.66722
46.20     0.66877
46.40     0.67046
46.60     0.67228
46.80     0.67422
47.00     0.67627
47.20     0.67841
47.40     0.68063
47.60     0.68291
47.80     0.68522
48.00     0.68754
48.20     0.68985
48.40     0.69214
48.60      0.6944
48.80     0.69659
49.00     0.69872
49.20     0.70077
49.40     0.70274
49.60     0.70461
49.80     0.70637
50.00     0.70803
50.20     0.70957
50.40       0.711
50.60     0.71232
50.80     0.71352
51.00      0.7146
51.20     0.71556
51.40     0.71639
51.60     0.71707
51.80     0.71761
52.00     0.71801
52.20     0.71826
52.40     0.71837
52.60     0.71836
52.80     0.71821
53.00     0.71796
53.20     0.71759
53.40     0.71714
53.60     0.71661
53.80     0.71602
54.00      0.7154
54.20     0.71476
54.40     0.71413
54.60     0.71353
54.80     0.71296
55.00     0.71244
55.20     0.71196
55.40     0.71154
55.60     0.71117
55.80     0.71084
56.00     0.71057
56.20     0.71034
56.40     0.71015
56.60        0.71
56.80     0.70989
57.00      0.7098
57.20     0.70973
57.40     0.70969
57.60     0.70967
57.80     0.70966
58.00     0.70966
58.20     0.70967
58.40     0.70969
58.60     0.70971
58.80     0.70974
59.00     0.70977
59.20     0.70979
59.40     0.70982
59.60     0.70985
59.80     0.70987
60.00     0.70989
60.20     0.70992
60.40     0.70993
60.60     0.70995
60.80     0.70996
61.00     0.70998
61.20     0.70999
61.40     0.70999
61.60        0.71
61.80     0.71001
62.00     0.71001
62.20     0.71001
62.40     0.71002
62.60     0.71002
62.80     0.71002
63.00     0.71002
63.20     0.71002
63.40     0.71002
63.60     0.71002
63.80     0.71002
64.00     0.71002
64.20     0.71002
64.40     0.71002
64.60     0.71002
64.80     0.71001
65.00     0.71001
65.20     0.71001
65.40     0.71001
65.60        0.71
65.80        0.71
66.00     0.70999
66.20     0.70999
66.40     0.70998
66.60     0.70997
66.80     0.70996
67.00     0.70995
67.20     0.70994
67.40     0.70992
67.60     0.70991
67.80     0.70989
68.00     0.70987
68.20     0.70986
68.40     0.70984
68.60     0.70982
68.80     0.70981
69.00     0.70979
69.20     0.70978
69.40     0.70978
69.60     0.70978
69.80     0.70979
70.00     0.70981
70.20     0.70984
70.40     0.70989
70.60     0.70996
70.80     0.71004
71.00     0.71015
71.20     0.71029
71.40     0.71045
71.60     0.71065
71.80     0.71088
72.00     0.71114
72.20     0.71143
72.40     0.71176
72.60     0.71211
72.80      0.7125
73.00      0.7129
73.20     0.71332
73.40     0.71373
73.60     0.71413
73.80      0.7145
74.00     0.71481
74.20     0.71505
74.40      0.7152
74.60     0.71526
74.80     0.71523
75.00     0.71511
75.20      0.7149
75.40     0.71463
75.60     0.71429
75.80     0.71392
76.00     0.71354
76.20     0.71316
76.40     0.71278
76.60     0.71243
76.80     0.71209
77.00     0.71178
77.20      0.7115
77.40     0.71124
77.60       0.711
77.80     0.71078
78.00     0.71057
78.20     0.71037
78.40     0.71016
78.60     0.70995
78.80     0.70973
79.00     0.70948
79.20      0.7092
79.40     0.70889
79.60     0.70854
79.80     0.70815
80.00     0.70771
80.20     0.70722
80.40     0.70668
80.60     0.70611
80.80     0.70549
81.00     0.70486
81.20     0.70421
81.40     0.70357
81.60     0.70294
81.80     0.70232
82.00     0.70171
82.20     0.70111
82.40     0.70051
82.60     0.69992
82.80     0.69933
83.00     0.69872
83.20     0.69811
83.40     0.69747
83.60     0.69682
83.80     0.69615
84.00     0.69547
84.20     0.69478
84.40      0.6941
84.60     0.69345
84.80     0.69283
85.00     0.69227
85.20     0.69176
85.40     0.69131
85.60     0.69092
85.80      0.6906
86.00     0.69035
86.20     0.69017
86.40     0.69005
86.60     0.69001
86.80     0.69003
87.00     0.69013
87.20     0.69029
87.40     0.69052
87.60     0.69082
87.80     0.69118
88.00     0.69161
88.20     0.69211
88.40     0.69266
88.60     0.69326
88.80      0.6939
89.00     0.69457
89.20     0.69525
89.40     0.69592
89.60     0.69657
89.80     0.69718
90.00     0.69775
90.20     0.69826
90.40     0.69872
90.60     0.69912
90.80     0.69946
91.00     0.69975
91.20     0.69997
91.40     0.70014
91.60     0.70025
91.80     0.70031
92.00     0.70031
92.20     0.70026
92.40     0.70015
92.60     0.69999
92.80     0.69977
93.00      0.6995
93.20     0.69917
93.40     0.69879
93.60     0.69835
93.80     0.69786
94.00     0.69732
94.20     0.69674
94.40     0.69613
94.60      0.6955
94.80     0.69486
95.00     0.69423
95.20     0.69364
95.40     0.69309
95.60     0.69258
95.80     0.69213
96.00     0.69174
96.20      0.6914
96.40     0.69112
96.60     0.69088
96.80      0.6907
97.00     0.69055
97.20     0.69044
97.40     0.69036
97.60      0.6903
97.80     0.69026
98.00     0.69022
98.20     0.69018
98.40     0.69014
98.60     0.69007
98.80     0.68998
99.00     0.68986
99.20     0.68969
99.40     0.68947
99.60     0.68919
99.80     0.68885
100.00     0.68844
100.20     0.68794
100.40     0.68737
100.60     0.68671
100.80     0.68596
101.00     0.68514
101.20     0.68425
101.40     0.68329
101.60      0.6823
101.80     0.68128
102.00     0.68026
102.20     0.67923
102.40     0.67821
102.60     0.67722
102.80     0.67627
103.00     0.67537
103.20     0.67455
103.40     0.67381
103.60     0.67318
103.80     0.67266
104.00     0.67225
104.20     0.67195
104.40     0.67176
104.60     0.67169
104.80     0.67171
105.00     0.67184
105.20     0.67205
105.40     0.67234
105.60      0.6727
105.80     0.67311
106.00     0.67355
106.20     0.67401
106.40     0.67446
106.60     0.67487
106.80     0.67523
107.00     0.67551
107.20      0.6757
107.40     0.67579
107.60     0.67578
107.80     0.67568
108.00     0.67548
108.20     0.67519
108.40     0.67483
108.60     0.67442
108.80     0.67398
109.00     0.67352
109.20     0.67307
109.40     0.67263
109.60     0.67222
109.80     0.67184
110.00     0.67149
110.20     0.67117
110.40     0.67089
110.60     0.67065
110.80     0.67044
111.00     0.67026
111.20     0.67011
111.40     0.66998
111.60     0.66988
111.80      0.6698
112.00     0.66973
112.20     0.66968
112.40     0.66964
112.60     0.66961
112.80     0.66959
113.00     0.66957
113.20     0.66956
113.40     0.66955
113.60     0.66955
113.80     0.66955
114.00     0.66956
114.20     0.66957
114.40     0.66959
114.60     0.66962
114.80     0.66967
115.00     0.66973
115.20     0.66981
115.40     0.66991
115.60     0.67004
115.80     0.67019
116.00     0.67038
116.20     0.67061
116.40     0.67088
116.60     0.67119
116.80     0.67155
117.00     0.67195
117.20     0.67239
117.40     0.67287
117.60     0.67339
117.80     0.67394
118.00      0.6745
118.20     0.67506
118.40      0.6756
118.60     0.67609
118.80     0.67652
119.00     0.67686
119.20     0.67711
119.40     0.67725
119.60     0.67728
119.80     0.67719
120.00     0.67698
120.20     0.67665
120.40     0.67621
120.60     0.67565
120.80       0.675
121.00     0.67427
121.20     0.67348
121.40     0.67264
121.60     0.67177
121.80     0.67087
122.00     0.66996
122.20     0.66905
122.40     0.66813
122.60     0.66722
122.80     0.66634
123.00     0.66548
123.20     0.66467
123.40     0.66393
123.60     0.66324
123.80     0.66263
124.00     0.66208
124.20      0.6616
124.40     0.66118
124.60     0.66081
124.80     0.66048
125.00      0.6602
125.20     0.65993
125.40     0.65969
125.60     0.65945
125.80      0.6592
126.00     0.65895
126.20     0.65868
126.40     0.65838
126.60     0.65806
126.80      0.6577
127.00      0.6573
127.20     0.65686
127.40     0.65639
127.60      0.6559
127.80     0.65538
128.00     0.65487
128.20     0.65437
128.40      0.6539
128.60      0.6535
128.80     0.65316
129.00     0.65291
129.20     0.65276
129.40      0.6527
129.60     0.65275
129.80     0.65289
130.00     0.65314
130.20     0.65348
130.40     0.65391
130.60     0.65441
130.80     0.65496
131.00     0.65556
131.20     0.65618
131.40     0.65682
131.60     0.65746
131.80      0.6581
132.00     0.65874
132.20     0.65939
132.40     0.66004
132.60     0.66069
132.80     0.66135
133.00     0.66202
133.20     0.66271
133.40      0.6634
133.60     0.66409
133.80     0.66478
134.00     0.66545
134.20      0.6661
134.40      0.6667
134.60     0.66725
134.80     0.66774
135.00     0.66818
135.20     0.66856
135.40     0.66888
135.60     0.66915
135.80     0.66937
136.00     0.66955
136.20      0.6697
136.40     0.66981
136.60      0.6699
136.80     0.66997
137.00     0.67004
137.20      0.6701
137.40     0.67017
137.60     0.67025
137.80     0.67035
138.00     0.67048
138.20     0.67064
138.40     0.67083
138.60     0.67107
138.80     0.67135
139.00     0.67169
139.20     0.67207
139.40     0.67251
139.60       0.673
139.80     0.67353
140.00      0.6741
140.20      0.6747
140.40     0.67531
140.60     0.67591
140.80     0.67648
141.00       0.677
141.20     0.67744
141.40      0.6778
141.60     0.67807
141.80     0.67823
142.00     0.67827
142.20     0.67819
142.40     0.67799
142.60     0.67766
142.80     0.67721
143.00     0.67662
143.20     0.67592
143.40     0.67511
143.60     0.67419
143.80     0.67319
144.00     0.67212
144.20     0.67098
144.40      0.6698
144.60     0.66856
144.80     0.66729
145.00     0.66598
145.20     0.66465
145.40     0.66331
145.60     0.66199
145.80      0.6607
146.00     0.65946
146.20     0.65827
146.40     0.65716
146.60     0.65614
146.80     0.65524
147.00     0.65446
147.20     0.65384
147.40     0.65338
147.60      0.6531
147.80       0.653
148.00     0.65308
148.20     0.65335
148.40      0.6538
148.60     0.65442
148.80     0.65521
149.00     0.65615
149.20     0.65722
149.40     0.65841
149.60      0.6597
149.80     0.66109
150.00     0.66255
150.20     0.66408
150.40     0.66566
150.60     0.66728
150.80     0.66892
151.00     0.67057
151.20     0.67221
151.40     0.67384
151.60     0.67544
151.80     0.67699
152.00     0.67849
152.20     0.67992
152.40     0.68128
152.60     0.68255
152.80     0.68372
153.00     0.68479
153.20     0.68574
153.40     0.68656
153.60     0.68724
153.80     0.68778
154.00     0.68817
154.20     0.68843
154.40     0.68856
154.60     0.68855
154.80     0.68842
155.00     0.68818
155.20     0.68783
155.40      0.6874
155.60     0.68688
155.80      0.6863
156.00     0.68568
156.20     0.68504
156.40     0.68441
156.60     0.68381
156.80     0.68327
157.00     0.68278
157.20     0.68237
157.40     0.68204
157.60      0.6818
157.80     0.68166
158.00     0.68161
158.20     0.68166
158.40     0.68181
158.60     0.68204
158.80     0.68237
159.00     0.68277
159.20     0.68325
159.40     0.68379
159.60     0.68438
159.80     0.68499
160.00      0.6856
160.20     0.68621
160.40     0.68678
160.60     0.68732
160.80     0.68781
161.00     0.68826
161.20     0.68865
161.40       0.689
161.60     0.68929
161.80     0.68954
162.00     0.68975
162.20     0.68991
162.40     0.69004
162.60     0.69013
162.80     0.69019
163.00     0.69023
163.20     0.69024
163.40     0.69023
163.60     0.69021
163.80     0.69017
164.00     0.69012
164.20     0.69007
164.40        0.69
164.60     0.68993
164.80     0.68985
165.00     0.68978
165.20     0.68971
165.40     0.68964
165.60     0.68957
165.80     0.68952
166.00     0.68948
166.20     0.68946
166.40     0.68946
166.60     0.68949
166.80     0.68956
167.00     0.68966
167.20     0.68981
167.40     0.69001
167.60     0.69027
167.80      0.6906
168.00       0.691
168.20     0.69148
168.40     0.69205
168.60     0.69271
168.80     0.69346
169.00      0.6943
169.20     0.69522
169.40     0.69622
169.60     0.69729
169.80     0.69839
170.00     0.69953
170.20     0.70067
170.40      0.7018
170.60     0.70292
170.80     0.70399
171.00     0.70501
171.20     0.70595
171.40     0.70681
171.60     0.70757
171.80     0.70825
172.00     0.70883
172.20     0.70932
172.40     0.70972
172.60     0.71004
172.80     0.71027
173.00     0.71043
173.20     0.71051
173.40     0.71052
173.60     0.71047
173.80     0.71034
174.00     0.71015
174.20      0.7099
174.40     0.70958
174.60      0.7092
174.80     0.70877
175.00     0.70827
175.20     0.70772
175.40     0.70712
175.60     0.70649
175.80     0.70582
176.00     0.70513
176.20     0.70445
176.40     0.70378
176.60     0.70313
176.80     0.70251
177.00     0.70192
177.20     0.70135
177.40     0.70081
177.60      0.7003
177.80      0.6998
178.00     0.69931
178.20     0.69883
178.40     0.69836
178.60     0.69788
178.80      0.6974
179.00     0.69692
179.20     0.69644
179.40     0.69597
179.60     0.69552
179.80      0.6951
180.00     0.69474
180.20     0.69443
180.40      0.6942
180.60     0.69404
180.80     0.69395
181.00     0.69394
181.20     0.69399
181.40     0.69409
181.60     0.69423
181.80     0.69438
182.00     0.69454
182.20     0.69469
182.40     0.69483
182.60     0.69496
182.80     0.69509
183.00     0.69523
183.20      0.6954
183.40     0.69562
183.60     0.69591
183.80     0.69627
184.00     0.69672
184.20     0.69724
184.40     0.69784
184.60      0.6985
184.80     0.69924
185.00     0.70003
185.20     0.70089
185.40     0.70181
185.60     0.70279
185.80     0.70383
186.00     0.70491
186.20     0.70604
186.40     0.70719
186.60     0.70836
186.80     0.70953
187.00      0.7107
187.20     0.71186
187.40     0.71301
187.60     0.71414
187.80     0.71523
188.00     0.71628
188.20     0.71726
188.40     0.71817
188.60     0.71901
188.80     0.71978
189.00     0.72047
189.20     0.72108
189.40      0.7216
189.60     0.72204
189.80      0.7224
190.00     0.72265
190.20      0.7228
190.40     0.72283
190.60     0.72275
190.80     0.72254
191.00     0.72223
191.20     0.72182
191.40     0.72133
191.60     0.72079
191.80     0.72018
192.00     0.71954
192.20     0.71887
192.40     0.71818
192.60     0.71748
192.80     0.71679
193.00     0.71613
193.20     0.71551
193.40     0.71496
193.60      0.7145
193.80     0.71413
194.00     0.71388
194.20     0.71373
194.40     0.71371
194.60     0.71379
194.80     0.71398
195.00     0.71427
195.20     0.71464
195.40     0.71506
195.60     0.71553
195.80     0.71601
196.00     0.71648
196.20     0.71691
196.40      0.7173
196.60     0.71763
196.80     0.71788
197.00     0.71806
197.20     0.71815
197.40     0.71815
197.60     0.71805
197.80     0.71787
198.00     0.71759
198.20     0.71722
198.40     0.71678
198.60     0.71626
198.80     0.71568
199.00     0.71506
199.20     0.71442
199.40     0.71377
199.60     0.71315
199.80     0.71256
200.00     0.71203
200.20     0.71156
200.40     0.71116
200.60     0.71085
200.80     0.71061
201.00     0.71048
201.20     0.71043
201.40      0.7105
201.60     0.71066
201.80     0.71094
202.00     0.71133
202.20     0.71183
202.40     0.71245
202.60     0.71318
202.80     0.71402
203.00     0.71497
203.20     0.71601
203.40     0.71712
203.60      0.7183
203.80     0.71954
204.00     0.72083
204.20     0.72216
204.40     0.72352
204.60     0.72491
204.80     0.72632
205.00     0.72772
205.20     0.72913
205.40     0.73053
205.60     0.73193
205.80     0.73332
206.00      0.7347
206.20     0.73606
206.40     0.73739
206.60     0.73869
206.80     0.73995
207.00     0.74115
207.20     0.74231
207.40     0.74341
207.60     0.74445
207.80     0.74542
208.00      0.7463
208.20     0.74707
208.40     0.74775
208.60     0.74831
208.80     0.74876
209.00      0.7491
209.20     0.74932
209.40     0.74944
209.60     0.74945
209.80     0.74936
210.00     0.74917
210.20     0.74889
210.40     0.74851
210.60     0.74805
210.80     0.74752
211.00     0.74692
211.20     0.74627
211.40     0.74559
211.60     0.74488
211.80     0.74418
212.00      0.7435
212.20     0.74286
212.40     0.74227
212.60     0.74174
212.80     0.74127
213.00     0.74086
213.20     0.74053
213.40     0.74026
213.60     0.74007
213.80     0.73996
214.00     0.73992
214.20     0.73996
214.40     0.74007
214.60     0.74027
214.80     0.74054
215.00      0.7409
215.20     0.74134
215.40     0.74186
215.60     0.74245
215.80     0.74313
216.00     0.74387
216.20     0.74467
216.40     0.74552
216.60     0.74641
216.80     0.74734
217.00      0.7483
217.20      0.7493
217.40     0.75035
217.60     0.75144
217.80     0.75259
218.00      0.7538
218.20     0.75506
218.40     0.75638
218.60     0.75774
218.80     0.75915
219.00      0.7606
219.20     0.76209
219.40     0.76361
219.60     0.76517
219.80     0.76676
220.00     0.76837
220.20     0.77001
220.40     0.77167
220.60     0.77336
220.80     0.77508
221.00     0.77683
221.20      0.7786
221.40     0.78041
221.60     0.78226
221.80     0.78416
222.00      0.7861
222.20      0.7881
222.40     0.79014
222.60     0.79222
222.80     0.79434
223.00     0.79648
223.20     0.79864
223.40      0.8008
223.60     0.80294
223.80     0.80505
224.00      0.8071
224.20     0.80909
224.40       0.811
224.60     0.81281
224.80     0.81452
225.00     0.81613
225.20     0.81763
225.40     0.81902
225.60     0.82032
225.80     0.82152
226.00     0.82265
226.20      0.8237
226.40     0.82467
226.60     0.82557
226.80     0.82639
227.00     0.82714
227.20     0.82781
227.40      0.8284
227.60     0.82894
227.80     0.82942
228.00     0.82986
228.20     0.83027
228.40     0.83066
228.60     0.83104
228.80     0.83142
229.00     0.83181
229.20     0.83222
229.40     0.83266
229.60     0.83312
229.80     0.83362
230.00     0.83414
230.20     0.83468
230.40     0.83524
230.60     0.83579
230.80     0.83634
231.00     0.83687
231.20     0.83738
231.40     0.83788
231.60     0.83837
231.80     0.83885
232.00     0.83933
232.20     0.83983
232.40     0.84034
232.60     0.84089
232.80     0.84147
233.00     0.84211
233.20      0.8428
233.40     0.84355
233.60     0.84436
233.80     0.84523
234.00     0.84616
234.20     0.84713
234.40     0.84814
234.60     0.84919
234.80     0.85027
235.00     0.85137
235.20     0.85251
235.40     0.85367
235.60     0.85485
235.80     0.85603
236.00     0.85723
236.20     0.85843
236.40     0.85964
236.60     0.86086
236.80     0.86209
237.00     0.86335
237.20     0.86463
237.40     0.86592
237.60     0.86724
237.80      0.8686
238.00     0.86999
238.20     0.87144
238.40     0.87295
238.60     0.87453
238.80      0.8762
239.00     0.87795
239.20      0.8798
239.40     0.88174
239.60      0.8838
239.80     0.88597
240.00     0.88826
240.20     0.89067
240.40     0.89319
240.60     0.89583
240.80     0.89858
241.00     0.90143
241.20     0.90437
241.40     0.90739
241.60     0.91047
241.80     0.91361
242.00     0.91679
242.20     0.91999
242.40      0.9232
242.60     0.92641
242.80      0.9296
243.00     0.93276
243.20     0.93587
243.40     0.93892
243.60      0.9419
243.80     0.94481
244.00     0.94762
244.20     0.95033
244.40     0.95294
244.60     0.95544
244.80     0.95784
245.00     0.96013
245.20     0.96234
245.40     0.96447
245.60     0.96653
245.80     0.96852
246.00     0.97047
246.20     0.97239
246.40      0.9743
246.60     0.97621
246.80     0.97814
247.00     0.98008
247.20     0.98204
247.40     0.98403
247.60     0.98605
247.80      0.9881
248.00     0.99017
248.20     0.99227
248.40     0.99438
248.60     0.99649
248.80     0.99861
249.00      1.0007
249.20      1.0028
249.40      1.0049
249.60      1.0069
249.80      1.0089
250.00      1.0108
250.20      1.0127
250.40      1.0146
250.60      1.0164
250.80      1.0181
251.00      1.0198
251.20      1.0215
251.40      1.0232
251.60      1.0248
251.80      1.0264
252.00       1.028
252.20      1.0296
252.40      1.0313
252.60      1.0329
252.80      1.0346
253.00      1.0363
253.20       1.038
253.40      1.0399
253.60      1.0418
253.80      1.0437
254.00      1.0458
254.20       1.048
254.40      1.0502
254.60      1.0525
254.80       1.055
255.00      1.0575
255.20      1.0601
255.40      1.0628
255.60      1.0656
255.80      1.0684
256.00      1.0713
256.20      1.0743
256.40      1.0773
256.60      1.0804
256.80      1.0836
257.00      1.0868
257.20        1.09
257.40      1.0933
257.60      1.0966
257.80      1.0999
258.00      1.1033
258.20      1.1067
258.40        1.11
258.60      1.1134
258.80      1.1168
259.00      1.1202
259.20      1.1235
259.40      1.1268
259.60      1.1301
259.80      1.1334
260.00      1.1366
260.20      1.1398
260.40       1.143
260.60       1.146
260.80       1.149
261.00       1.152
261.20      1.1548
261.40      1.1576
261.60      1.1603
261.80       1.163
262.00      1.1655
262.20       1.168
262.40      1.1705
262.60      1.1729
262.80      1.1753
263.00      1.1776
263.20        1.18
263.40      1.1824
263.60      1.1849
263.80      1.1874
264.00        1.19
264.20      1.1927
264.40      1.1955
264.60      1.1984
264.80      1.2014
265.00      1.2045
265.20      1.2078
265.40      1.2112
265.60      1.2148
265.80      1.2185
266.00      1.2223
266.20      1.2263
266.40      1.2304
266.60      1.2347
266.80       1.239
267.00      1.2435
267.20      1.2481
267.40      1.2528
267.60      1.2575
267.80      1.2623
268.00      1.2671
268.20      1.2719
268.40      1.2767
268.60      1.2815
268.80      1.2862
269.00       1.291
269.20      1.2956
269.40      1.3003
269.60      1.3048
269.80      1.3092
270.00      1.3136
270.20      1.3179
270.40      1.3221
270.60      1.3263
270.80      1.3304
271.00      1.3344
271.20      1.3384
271.40      1.3423
271.60      1.3462
271.80      1.3502
272.00      1.3541
272.20      1.3581
272.40      1.3621
272.60      1.3661
272.80      1.3702
273.00      1.3744
273.20      1.3787
273.40      1.3831
273.60      1.3875
273.80       1.392
274.00      1.3966
274.20      1.4013
274.40      1.4061
274.60       1.411
274.80       1.416
275.00      1.4211
275.20      1.4263
275.40      1.4317
275.60      1.4372
275.80      1.4428
276.00      1.4486
276.20      1.4545
276.40      1.4606
276.60       1.467
276.80      1.4735
277.00      1.4802
277.20      1.4871
277.40      1.4941
277.60      1.5014
277.80      1.5088
278.00      1.5164
278.20       1.524
278.40      1.5318
278.60      1.5397
278.80      1.5476
279.00      1.5555
279.20      1.5635
279.40      1.5714
279.60      1.5792
279.80       1.587
280.00      1.5947
280.20      1.6023
280.40      1.6098
280.60      1.6171
280.80      1.6242
281.00      1.6312
281.20      1.6381
281.40      1.6448
281.60      1.6513
281.80      1.6578
282.00      1.6641
282.20      1.6703
282.40      1.6765
282.60      1.6826
282.80      1.6887
283.00      1.6948
283.20       1.701
283.40      1.7072
283.60      1.7134
283.80      1.7198
284.00      1.7262
284.20      1.7327
284.40      1.7393
284.60       1.746
284.80      1.7529
285.00      1.7598
285.20      1.7668
285.40      1.7738
285.60       1.781
285.80      1.7882
286.00      1.7955
286.20      1.8028
286.40      1.8101
286.60      1.8175
286.80      1.8249
287.00      1.8324
287.20      1.8398
287.40      1.8473
287.60      1.8548
287.80      1.8624
288.00      1.8699
288.20      1.8775
288.40      1.8852
288.60      1.8929
288.80      1.9006
289.00      1.9085
289.20      1.9163
289.40      1.9243
289.60      1.9324
289.80      1.9406
290.00      1.9489
290.20      1.9573
290.40      1.9659
290.60      1.9745
290.80      1.9834
291.00      1.9923
291.20      2.0014
291.40      2.0107
291.60        2.02
291.80      2.0295
292.00      2.0391
292.20      2.0487
292.40      2.0585
292.60      2.0684
292.80      2.0783
293.00      2.0883
293.20      2.0984
293.40      2.1086
293.60      2.1188
293.80      2.1291
294.00      2.1396
294.20      2.1501
294.40      2.1607
294.60      2.1714
294.80      2.1823
295.00      2.1933
295.20      2.2043
295.40      2.2155
295.60      2.2269
295.80      2.2383
296.00      2.2498
296.20      2.2615
296.40      2.2733
296.60      2.2852
296.80      2.2972
297.00      2.3093
297.20      2.3216
297.40       2.334
297.60      2.3464
297.80       2.359
298.00      2.3717
298.20      2.3844
298.40      2.3972
298.60      2.4101
298.80      2.4231
299.00      2.4361
299.20      2.4492
299.40      2.4623
299.60      2.4755
299.80      2.4886
300.00      2.5019
300.20      2.5151
300.40      2.5283
300.60      2.5416
300.80      2.5549
301.00      2.5682
301.20      2.5816
301.40       2.595
301.60      2.6084
301.80      2.6219
302.00      2.6354
302.20      2.6491
302.40      2.6628
302.60      2.6766
302.80      2.6906
303.00      2.7047
303.20       2.719
303.40      2.7335
303.60      2.7481
303.80      2.7629
304.00       2.778
304.20      2.7932
304.40      2.8087
304.60      2.8244
304.80      2.8403
305.00      2.8565
305.20      2.8729
305.40      2.8896
305.60      2.9065
305.80      2.9237
306.00      2.9411
306.20      2.9586
306.40      2.9764
306.60      2.9944
306.80      3.0125
307.00      3.0307
307.20      3.0491
307.40      3.0676
307.60      3.0862
307.80      3.1049
308.00      3.1237
308.20      3.1425
308.40      3.1613
308.60      3.1802
308.80      3.1992
309.00      3.2182
309.20      3.2373
309.40      3.2564
309.60      3.2755
309.80      3.2947
310.00      3.3139
310.20      3.3332
310.40      3.3526
310.60      3.3722
310.80      3.3918
311.00      3.4115
311.20      3.4314
311.40      3.4515
311.60      3.4717
311.80      3.4921
312.00      3.5126
312.20      3.5333
312.40      3.5542
312.60      3.5752
312.80      3.5964
313.00      3.6178
313.20      3.6393
313.40       3.661
313.60      3.6828
313.80      3.7049
314.00       3.727
314.20      3.7494
314.40      3.7719
314.60      3.7946
314.80      3.8175
315.00      3.8406
315.20      3.8639
315.40      3.8875
315.60      3.9112
315.80      3.9353
316.00      3.9596
316.20      3.9842
316.40      4.0091
316.60      4.0342
316.80      4.0598
317.00      4.0856
317.20      4.1118
317.40      4.1383
317.60      4.1652
317.80      4.1924
318.00      4.2199
318.20      4.2478
318.40       4.276
318.60      4.3046
318.80      4.3335
319.00      4.3628
319.20      4.3923
319.40      4.4222
319.60      4.4524
319.80      4.4829
320.00      4.5137
320.20      4.5447
320.40       4.576
320.60      4.6075
320.80      4.6392
321.00       4.671
321.20      4.7031
321.40      4.7354
321.60      4.7678
321.80      4.8004
322.00      4.8332
322.20      4.8662
322.40      4.8993
322.60      4.9327
322.80      4.9662
323.00           5
323.20      5.0341
323.40      5.0684
323.60      5.1029
323.80      5.1378
324.00      5.1729
324.20      5.2083
324.40      5.2441
324.60      5.2801
324.80      5.3165
325.00      5.3532
325.20      5.3903
325.40      5.4277
325.60      5.4655
325.80      5.5036
326.00      5.5421
326.20       5.581
326.40      5.6203
326.60        5.66
326.80         5.7
327.00      5.7405
327.20      5.7815
327.40      5.8228
327.60      5.8646
327.80      5.9068
328.00      5.9494
328.20      5.9925
328.40      6.0359
328.60      6.0798
328.80      6.1242
329.00      6.1689
329.20       6.214
329.40      6.2595
329.60      6.3054
329.80      6.3516
330.00      6.3982
330.20      6.4451
330.40      6.4923
330.60      6.5397
330.80      6.5874
331.00      6.6354
331.20      6.6836
331.40      6.7321
331.60      6.7807
331.80      6.8296
332.00      6.8787
332.20       6.928
332.40      6.9775
332.60      7.0272
332.80       7.077
333.00      7.1271
333.20      7.1774
333.40       7.228
333.60      7.2787
333.80      7.3297
334.00      7.3809
334.20      7.4325
334.40      7.4843
334.60      7.5364
334.80      7.5888
335.00      7.6415
335.20      7.6946
335.40       7.748
335.60      7.8018
335.80      7.8559
336.00      7.9104
336.20      7.9652
336.40      8.0204
336.60      8.0761
336.80      8.1321
337.00      8.1886
337.20      8.2455
337.40      8.3029
337.60      8.3608
337.80      8.4192
338.00      8.4782
338.20      8.5377
338.40      8.5978
338.60      8.6586
338.80      8.7201
339.00      8.7822
339.20      8.8452
339.40      8.9089
339.60      8.9734
339.80      9.0388
340.00       9.105
340.20      9.1721
340.40        9.24
340.60      9.3088
340.80      9.3784
341.00      9.4489
341.20      9.5201
341.40       9.592
341.60      9.6646
341.80      9.7377
342.00      9.8112
342.20       9.885
342.40      9.9591
342.60      10.033
342.80      10.107
343.00      10.181
343.20      10.255
343.40      10.328
343.60      10.401
343.80      10.473
344.00      10.545
344.20      10.615
344.40      10.685
344.60      10.755
344.80      10.823
345.00      10.891
345.20      10.958
345.40      11.024
345.60      11.089
345.80      11.154
346.00      11.218
346.20      11.282
346.40      11.345
346.60      11.408
346.80      11.471
347.00      11.533
347.20      11.595
347.40      11.657
347.60      11.718
347.80       11.78
348.00      11.841
348.20      11.903
348.40      11.964
348.60      12.026
348.80      12.087
349.00      12.149
349.20      12.211
349.40      12.273
349.60      12.335
349.80      12.397
350.00       12.46
350.20      12.523
350.40      12.587
350.60      12.651
350.80      12.715
351.00       12.78
351.20      12.846
351.40      12.912
351.60      12.979
351.80      13.047
352.00      13.116
352.20      13.186
352.40      13.257
352.60      13.328
352.80      13.401
353.00      13.476
353.20      13.551
353.40      13.628
353.60      13.707
353.80      13.787
354.00      13.868
354.20      13.952
354.40      14.037
354.60      14.125
354.80      14.215
355.00      14.307
355.20      14.402
355.40      14.499
355.60      14.599
355.80      14.703
356.00      14.809
356.20      14.919
356.40      15.032
356.60       15.15
356.80      15.271
357.00      15.397
357.20      15.527
357.40      15.662
357.60      15.803
357.80      15.948
358.00        16.1
358.20      16.257
358.40       16.42
358.60      16.589
358.80      16.766
359.00      16.949
359.20       17.14
359.40      17.338
359.60      17.543
359.80      17.757
360.00      17.978
360.20      18.208
360.40      18.446
360.60      18.693
360.80      18.949
361.00      19.214
361.20      19.487
361.40       19.77
361.60      20.062
361.80      20.363
362.00      20.673
362.20      20.992
362.40       21.32
362.60      21.657
362.80      22.002
363.00      22.357
363.20      22.719
363.40       23.09
363.60      23.468
363.80      23.854
364.00      24.246
364.20      24.645
364.40      25.051
364.60      25.462
364.80      25.878
365.00      26.299
365.20      26.724
365.40      27.153
365.60      27.585
365.80      28.019
366.00      28.456
366.20      28.893
366.40      29.332
366.60      29.771
366.80       30.21
367.00      30.648
367.20      31.084
367.40      31.519
367.60      31.952
367.80      32.381
368.00      32.807
368.20      33.229
368.40      33.646
368.60      34.058
368.80      34.464
369.00      34.864
369.20      35.256
369.40      35.642
369.60      36.019
369.80      36.387
370.00      36.745
370.20      37.094
370.40      37.432
370.60      37.759
370.80      38.074
371.00      38.377
371.20      38.667
371.40      38.944
371.60      39.207
371.80      39.456
372.00      39.691
372.20       39.91
372.40      40.115
372.60      40.304
372.80      40.478
373.00      40.636
373.20      40.778
373.40      40.905
373.60      41.016
373.80      41.111
374.00      41.191
374.20      41.255
374.40      41.304
374.60      41.338
374.80      41.357
375.00      41.363
375.20      41.354
375.40      41.331
375.60      41.296
375.80      41.247
376.00      41.187
376.20      41.115
376.40      41.032
376.60      40.938
376.80      40.834
377.00      40.721
377.20      40.598
377.40      40.467
377.60      40.329
377.80      40.183
378.00       40.03
378.20      39.871
378.40      39.706
378.60      39.535
378.80       39.36
379.00       39.18
379.20      38.997
379.40      38.809
379.60      38.619
379.80      38.425
380.00      38.229
380.20       38.03
380.40      37.829
380.60      37.626
380.80      37.421
381.00      37.215
381.20      37.008
381.40      36.799
381.60      36.589
381.80      36.379
382.00      36.168
382.20      35.956
382.40      35.743
382.60       35.53
382.80      35.317
383.00      35.104
383.20       34.89
383.40      34.677
383.60      34.463
383.80       34.25
384.00      34.036
384.20      33.823
384.40      33.611
384.60      33.399
384.80      33.187
385.00      32.976
385.20      32.766
385.40      32.556
385.60      32.347
385.80      32.139
386.00      31.932
386.20      31.726
386.40       31.52
386.60      31.316
386.80      31.112
387.00       30.91
387.20      30.708
387.40      30.508
387.60      30.309
387.80       30.11
388.00      29.913
388.20      29.717
388.40      29.522
388.60      29.328
388.80      29.135
389.00      28.944
389.20      28.753
389.40      28.563
389.60      28.375
389.80      28.187
390.00      28.001
390.20      27.815
390.40       27.63
390.60      27.447
390.80      27.264
391.00      27.082
391.20      26.901
391.40      26.721
391.60      26.542
391.80      26.364
392.00      26.186
392.20      26.009
392.40      25.834
392.60      25.659
392.80      25.485
393.00      25.311
393.20      25.139
393.40      24.968
393.60      24.798
393.80      24.628
394.00       24.46
394.20      24.293
394.40      24.127
394.60      23.962
394.80      23.798
395.00      23.635
395.20      23.474
395.40      23.314
395.60      23.155
395.80      22.997
396.00      22.841
396.20      22.687
396.40      22.533
396.60      22.381
396.80       22.23
397.00      22.081
397.20      21.933
397.40      21.786
397.60      21.641
397.80      21.497
398.00      21.354
398.20      21.213
398.40      21.073
398.60      20.934
398.80      20.797
399.00       20.66
399.20      20.525
399.40      20.391
399.60      20.258
399.80      20.126
400.00      19.995
400.20      19.865
400.40      19.736
400.60      19.608
400.80      19.481
401.00      19.355
401.20       19.23
401.40      19.106
401.60      18.982
401.80      18.859
402.00      18.738
402.20      18.617
402.40      18.497
402.60      18.377
402.80      18.259
403.00      18.141
403.20      18.025
403.40      17.909
403.60      17.794
403.80      17.681
404.00      17.568
404.20      17.456
404.40      17.345
404.60      17.235
404.80      17.126
405.00      17.018
405.20      16.911
405.40      16.805
405.60        16.7
405.80      16.596
406.00      16.493
406.20       16.39
406.40      16.289
406.60      16.189
406.80      16.089
407.00       15.99
407.20      15.893
407.40      15.796
407.60        15.7
407.80      15.605
408.00      15.511
408.20      15.417
408.40      15.325
408.60      15.233
408.80      15.142
409.00      15.052
409.20      14.963
409.40      14.874
409.60      14.786
409.80      14.699
410.00      14.613
410.20      14.527
410.40      14.442
410.60      14.358
410.80      14.274
411.00       14.19
411.20      14.108
411.40      14.025
411.60      13.944
411.80      13.862
412.00      13.782
412.20      13.702
412.40      13.622
412.60      13.543
412.80      13.464
413.00      13.386
413.20      13.308
413.40      13.231
413.60      13.154
413.80      13.078
414.00      13.003
414.20      12.928
414.40      12.854
414.60       12.78
414.80      12.708
415.00      12.635
415.20      12.564
415.40      12.493
415.60      12.422
415.80      12.353
416.00      12.284
416.20      12.215
416.40      12.148
416.60      12.081
416.80      12.014
417.00      11.948
417.20      11.883
417.40      11.819
417.60      11.754
417.80      11.691
418.00      11.628
418.20      11.565
418.40      11.503
418.60      11.442
418.80      11.381
419.00       11.32
419.20       11.26
419.40      11.201
419.60      11.142
419.80      11.083
420.00      11.025
420.20      10.967
420.40       10.91
420.60      10.854
420.80      10.798
421.00      10.742
421.20      10.687
421.40      10.632
421.60      10.578
421.80      10.524
422.00      10.471
422.20      10.418
422.40      10.365
422.60      10.313
422.80      10.262
423.00      10.211
423.20       10.16
423.40       10.11
423.60       10.06
423.80      10.011
424.00      9.9616
424.20      9.9129
424.40      9.8645
424.60      9.8164
424.80      9.7687
425.00      9.7212
425.20       9.674
425.40      9.6271
425.60      9.5805
425.80      9.5341
426.00       9.488
426.20      9.4422
426.40      9.3967
426.60      9.3514
426.80      9.3064
427.00      9.2617
427.20      9.2174
427.40      9.1733
427.60      9.1296
427.80      9.0862
428.00      9.0431
428.20      9.0004
428.40       8.958
428.60       8.916
428.80      8.8744
429.00      8.8331
429.20      8.7923
429.40      8.7518
429.60      8.7118
429.80      8.6722
430.00       8.633
430.20      8.5941
430.40      8.5557
430.60      8.5177
430.80      8.4801
431.00      8.4428
431.20      8.4059
431.40      8.3693
431.60      8.3331
431.80      8.2971
432.00      8.2614
432.20       8.226
432.40      8.1908
432.60      8.1558
432.80       8.121
433.00      8.0864
433.20      8.0519
433.40      8.0176
433.60      7.9835
433.80      7.9494
434.00      7.9155
434.20      7.8817
434.40       7.848
434.60      7.8144
434.80       7.781
435.00      7.7476
435.20      7.7144
435.40      7.6813
435.60      7.6484
435.80      7.6156
436.00       7.583
436.20      7.5505
436.40      7.5183
436.60      7.4863
436.80      7.4545
437.00      7.4229
437.20      7.3916
437.40      7.3606
437.60      7.3297
437.80      7.2992
438.00      7.2688
438.20      7.2387
438.40      7.2089
438.60      7.1793
438.80        7.15
439.00      7.1209
439.20      7.0921
439.40      7.0636
439.60      7.0353
439.80      7.0073
440.00      6.9796
440.20      6.9521
440.40       6.925
440.60      6.8981
440.80      6.8715
441.00      6.8452
441.20      6.8192
441.40      6.7935
441.60       6.768
441.80      6.7429
442.00       6.718
442.20      6.6933
442.40      6.6689
442.60      6.6447
442.80      6.6207
443.00       6.597
443.20      6.5735
443.40      6.5502
443.60      6.5271
443.80      6.5042
444.00      6.4815
444.20       6.459
444.40      6.4367
444.60      6.4146
444.80      6.3927
445.00      6.3709
445.20      6.3492
445.40      6.3277
445.60      6.3064
445.80      6.2851
446.00       6.264
446.20       6.243
446.40      6.2221
446.60      6.2013
446.80      6.1806
447.00      6.1599
447.20      6.1394
447.40      6.1188
447.60      6.0984
447.80      6.0779
448.00      6.0575
448.20      6.0371
448.40      6.0168
448.60      5.9964
448.80      5.9761
449.00      5.9557
449.20      5.9354
449.40      5.9152
449.60       5.895
449.80       5.875
450.00       5.855
450.20      5.8352
450.40      5.8156
450.60      5.7961
450.80      5.7769
451.00      5.7579
451.20      5.7392
451.40      5.7207
451.60      5.7024
451.80      5.6844
452.00      5.6665
452.20      5.6489
452.40      5.6315
452.60      5.6143
452.80      5.5972
453.00      5.5803
453.20      5.5634
453.40      5.5467
453.60      5.5301
453.80      5.5136
454.00       5.497
454.20      5.4806
454.40      5.4641
454.60      5.4477
454.80      5.4312
455.00      5.4148
455.20      5.3984
455.40      5.3819
455.60      5.3655
455.80      5.3491
456.00      5.3327
456.20      5.3164
456.40         5.3
456.60      5.2838
456.80      5.2675
457.00      5.2513
457.20      5.2351
457.40      5.2191
457.60       5.203
457.80      5.1871
458.00      5.1712
458.20      5.1555
458.40      5.1399
458.60      5.1243
458.80       5.109
459.00      5.0937
459.20      5.0787
459.40      5.0638
459.60      5.0491
459.80      5.0345
460.00      5.0202
460.20       5.006
460.40       4.992
460.60      4.9782
460.80      4.9646
461.00      4.9512
461.20      4.9379
461.40      4.9248
461.60      4.9118
461.80      4.8989
462.00      4.8862
462.20      4.8737
462.40      4.8612
462.60      4.8489
462.80      4.8367
463.00      4.8246
463.20      4.8126
463.40      4.8007
463.60       4.789
463.80      4.7773
464.00      4.7657
464.20      4.7542
464.40      4.7428
464.60      4.7314
464.80      4.7201
465.00      4.7089
465.20      4.6977
465.40      4.6865
465.60      4.6754
465.80      4.6643
466.00      4.6533
466.20      4.6422
466.40      4.6312
466.60      4.6202
466.80      4.6092
467.00      4.5983
467.20      4.5872
467.40      4.5762
467.60      4.5652
467.80      4.5541
468.00       4.543
468.20       4.532
468.40      4.5209
468.60      4.5098
468.80      4.4987
469.00      4.4876
469.20      4.4766
469.40      4.4656
469.60      4.4546
469.80      4.4437
470.00      4.4329
470.20      4.4221
470.40      4.4114
470.60      4.4008
470.80      4.3903
471.00      4.3799
471.20      4.3695
471.40      4.3593
471.60      4.3491
471.80       4.339
472.00      4.3291
472.20      4.3192
472.40      4.3094
472.60      4.2997
472.80      4.2901
473.00      4.2807
473.20      4.2713
473.40      4.2621
473.60       4.253
473.80      4.2441
474.00      4.2353
474.20      4.2266
474.40       4.218
474.60      4.2095
474.80      4.2012
475.00      4.1929
475.20      4.1848
475.40      4.1767
475.60      4.1687
475.80      4.1607
476.00      4.1528
476.20       4.145
476.40      4.1371
476.60      4.1293
476.80      4.1215
477.00      4.1138
477.20       4.106
477.40      4.0982
477.60      4.0905
477.80      4.0827
478.00      4.0749
478.20      4.0671
478.40      4.0592
478.60      4.0514
478.80      4.0435
479.00      4.0357
479.20      4.0278
479.40      4.0198
479.60      4.0119
479.80       4.004
480.00       3.996
480.20      3.9881
480.40      3.9801
480.60      3.9722
480.80      3.9642
481.00      3.9563
481.20      3.9483
481.40      3.9404
481.60      3.9325
481.80      3.9245
482.00      3.9166
482.20      3.9087
482.40      3.9008
482.60       3.893
482.80      3.8852
483.00      3.8774
483.20      3.8697
483.40      3.8621
483.60      3.8546
483.80      3.8472
484.00      3.8398
484.20      3.8326
484.40      3.8256
484.60      3.8186
484.80      3.8118
485.00      3.8051
485.20      3.7986
485.40      3.7922
485.60       3.786
485.80      3.7799
486.00      3.7739
486.20       3.768
486.40      3.7623
486.60      3.7566
486.80      3.7509
487.00      3.7454
487.20      3.7398
487.40      3.7343
487.60      3.7287
487.80      3.7231
488.00      3.7175
488.20      3.7117
488.40      3.7059
488.60      3.6999
488.80      3.6939
489.00      3.6878
489.20      3.6816
489.40      3.6754
489.60       3.669
489.80      3.6627
490.00      3.6562
490.20      3.6498
490.40      3.6434
490.60      3.6369
490.80      3.6305
491.00      3.6241
491.20      3.6178
491.40      3.6115
491.60      3.6053
491.80      3.5991
492.00      3.5931
492.20      3.5871
492.40      3.5813
492.60      3.5755
492.80      3.5699
493.00      3.5644
493.20       3.559
493.40      3.5537
493.60      3.5484
493.80      3.5433
494.00      3.5383
494.20      3.5334
494.40      3.5285
494.60      3.5237
494.80      3.5189
495.00      3.5142
495.20      3.5095
495.40      3.5048
495.60      3.5001
495.80      3.4954
496.00      3.4907
496.20      3.4859
496.40       3.481
496.60       3.476
496.80      3.4709
497.00      3.4658
497.20      3.4605
497.40       3.455
497.60      3.4495
497.80      3.4438
498.00       3.438
498.20       3.432
498.40      3.4259
498.60      3.4197
498.80      3.4134
499.00       3.407
499.20      3.4005
499.40      3.3939
499.60      3.3873
499.80      3.3806
500.00      3.3738
500.20      3.3669
500.40        3.36
500.60      3.3531
500.80      3.3461
501.00      3.3391
501.20       3.332
501.40       3.325
501.60      3.3179
501.80      3.3108
502.00      3.3036
502.20      3.2965
502.40      3.2893
502.60      3.2822
502.80       3.275
503.00      3.2678
503.20      3.2607
503.40      3.2535
503.60      3.2462
503.80       3.239
504.00      3.2317
504.20      3.2244
504.40      3.2171
504.60      3.2098
504.80      3.2024
505.00       3.195
505.20      3.1876
505.40      3.1802
505.60      3.1728
505.80      3.1654
506.00       3.158
506.20      3.1506
506.40      3.1433
506.60       3.136
506.80      3.1287
507.00      3.1214
507.20      3.1142
507.40      3.1069
507.60      3.0997
507.80      3.0925
508.00      3.0853
508.20       3.078
508.40      3.0707
508.60      3.0634
508.80      3.0561
509.00      3.0487
509.20      3.0413
509.40      3.0339
509.60      3.0265
509.80      3.0191
510.00      3.0117
510.20      3.0043
510.40       2.997
510.60      2.9896
510.80      2.9823
511.00       2.975
511.20      2.9678
511.40      2.9606
511.60      2.9534
511.80      2.9463
512.00      2.9392
512.20      2.9321
512.40       2.925
512.60      2.9179
512.80      2.9108
513.00      2.9036
513.20      2.8964
513.40      2.8892
513.60      2.8818
513.80      2.8744
514.00      2.8668
514.20      2.8592
514.40      2.8514
514.60      2.8434
514.80      2.8353
515.00      2.8271
515.20      2.8187
515.40      2.8102
515.60      2.8016
515.80      2.7928
516.00       2.784
516.20       2.775
516.40      2.7659
516.60      2.7567
516.80      2.7473
517.00      2.7379
517.20      2.7284
517.40      2.7189
517.60      2.7093
517.80      2.6997
518.00      2.6901
518.20      2.6804
518.40      2.6709
518.60      2.6613
518.80      2.6519
519.00      2.6425
519.20      2.6333
519.40      2.6241
519.60      2.6151
519.80      2.6062
520.00      2.5974
520.20      2.5888
520.40      2.5802
520.60      2.5718
520.80      2.5635
521.00      2.5552
521.20       2.547
521.40      2.5388
521.60      2.5306
521.80      2.5224
522.00      2.5142
522.20       2.506
522.40      2.4977
522.60      2.4893
522.80      2.4808
523.00      2.4722
523.20      2.4635
523.40      2.4547
523.60      2.4458
523.80      2.4368
524.00      2.4276
524.20      2.4184
524.40       2.409
524.60      2.3996
524.80      2.3901
525.00      2.3805
525.20      2.3708
525.40      2.3611
525.60      2.3514
525.80      2.3417
526.00       2.332
526.20      2.3222
526.40      2.3125
526.60      2.3027
526.80       2.293
527.00      2.2833
527.20      2.2736
527.40      2.2638
527.60       2.254
527.80      2.2442
528.00      2.2344
528.20      2.2244
528.40      2.2144
528.60      2.2043
528.80      2.1942
529.00      2.1839
529.20      2.1736
529.40      2.1632
529.60      2.1529
529.80      2.1425
530.00      2.1322
530.20      2.1219
530.40      2.1117
530.60      2.1015
530.80      2.0915
531.00      2.0815
531.20      2.0717
531.40      2.0619
531.60      2.0523
531.80      2.0428
532.00      2.0335
532.20      2.0243
532.40      2.0152
532.60      2.0062
532.80      1.9973
533.00      1.9885
533.20      1.9798
533.40      1.9711
533.60      1.9626
533.80       1.954
534.00      1.9456
534.20      1.9372
534.40      1.9288
534.60      1.9205
534.80      1.9121
535.00      1.9038
535.20      1.8955
535.40      1.8872
535.60      1.8789
535.80      1.8705
536.00      1.8622
536.20      1.8538
536.40      1.8454
536.60       1.837
536.80      1.8285
537.00        1.82
537.20      1.8114
537.40      1.8028
537.60      1.7942
537.80      1.7855
538.00      1.7767
538.20      1.7679
538.40       1.759
538.60        1.75
538.80       1.741
539.00      1.7319
539.20      1.7228
539.40      1.7136
539.60      1.7044
539.80      1.6951
540.00      1.6857
540.20      1.6762
540.40      1.6667
540.60      1.6572
540.80      1.6476
541.00       1.638
541.20      1.6284
541.40      1.6188
541.60      1.6093
541.80      1.5998
542.00      1.5905
542.20      1.5813
542.40      1.5722
542.60      1.5633
542.80      1.5546
543.00      1.5462
543.20      1.5379
543.40      1.5299
543.60      1.5222
543.80      1.5146
544.00      1.5074
544.20      1.5004
544.40      1.4937
544.60      1.4873
544.80      1.4811
545.00      1.4751
545.20      1.4694
545.40      1.4638
545.60      1.4584
545.80      1.4532
546.00      1.4481
546.20      1.4431
546.40      1.4381
546.60      1.4332
546.80      1.4284
547.00      1.4235
547.20      1.4185
547.40      1.4136
547.60      1.4085
547.80      1.4034
548.00      1.3981
548.20      1.3927
548.40      1.3873
548.60      1.3817
548.80       1.376
549.00      1.3702
549.20      1.3644
549.40      1.3584
549.60      1.3524
549.80      1.3464
550.00      1.3403
550.20      1.3342
550.40      1.3281
550.60       1.322
550.80      1.3159
551.00      1.3099
551.20      1.3039
551.40       1.298
551.60      1.2922
551.80      1.2865
552.00      1.2809
552.20      1.2755
552.40      1.2701
552.60      1.2649
552.80      1.2598
553.00      1.2548
553.20        1.25
553.40      1.2452
553.60      1.2405
553.80       1.236
554.00      1.2315
554.20      1.2271
554.40      1.2228
554.60      1.2185
554.80      1.2143
555.00      1.2102
555.20      1.2062
555.40      1.2023
555.60      1.1983
555.80      1.1945
556.00      1.1907
556.20       1.187
556.40      1.1833
556.60      1.1796
556.80      1.1759
557.00      1.1723
557.20      1.1687
557.40       1.165
557.60      1.1614
557.80      1.1578
558.00      1.1542
558.20      1.1506
558.40       1.147
558.60      1.1434
558.80      1.1399
559.00      1.1364
559.20      1.1329
559.40      1.1294
559.60       1.126
559.80      1.1227
560.00      1.1194
560.20      1.1163
560.40      1.1132
560.60      1.1102
560.80      1.1073
561.00      1.1045
561.20      1.1019
561.40      1.0994
561.60       1.097
561.80      1.0948
562.00      1.0928
562.20      1.0909
562.40      1.0892
562.60      1.0876
562.80      1.0863
563.00      1.0851
563.20      1.0841
563.40      1.0832
563.60      1.0826
563.80      1.0821
564.00      1.0818
564.20      1.0816
564.40      1.0816
564.60      1.0818
564.80       1.082
565.00      1.0824
565.20      1.0829
565.40      1.0834
565.60       1.084
565.80      1.0846
566.00      1.0851
566.20      1.0857
566.40      1.0862
566.60      1.0866
566.80      1.0869
567.00      1.0871
567.20      1.0872
567.40      1.0873
567.60      1.0872
567.80       1.087
568.00      1.0867
568.20      1.0864
568.40      1.0859
568.60      1.0854
568.80      1.0849
569.00      1.0843
569.20      1.0838
569.40      1.0833
569.60      1.0828
569.80      1.0823
570.00      1.0819
570.20      1.0815
570.40      1.0811
570.60      1.0808
570.80      1.0806
571.00      1.0804
571.20      1.0802
571.40      1.0801
571.60        1.08
571.80      1.0799
572.00      1.0798
572.20      1.0798
572.40      1.0797
572.60      1.0797
572.80      1.0797
573.00      1.0797
573.20      1.0797
573.40      1.0797
573.60      1.0797
573.80      1.0797
574.00      1.0796
574.20      1.0796
574.40      1.0796
574.60      1.0796
574.80      1.0796
575.00      1.0795
575.20      1.0795
575.40      1.0795
575.60      1.0794
575.80      1.0794
576.00      1.0794
576.20      1.0794
576.40      1.0794
576.60      1.0794
576.80      1.0795
577.00      1.0795
577.20      1.0797
577.40      1.0798
577.60      1.0801
577.80      1.0804
578.00      1.0807
578.20      1.0812
578.40      1.0817
578.60      1.0823
578.80       1.083
579.00      1.0838
579.20      1.0847
579.40      1.0857
579.60      1.0868
579.80      1.0879
580.00      1.0891
580.20      1.0904
580.40      1.0918
580.60      1.0932
580.80      1.0947
581.00      1.0962
581.20      1.0979
581.40      1.0995
581.60      1.1013
581.80       1.103
582.00      1.1048
582.20      1.1066
582.40      1.1085
582.60      1.1104
582.80      1.1122
583.00      1.1141
583.20      1.1159
583.40      1.1178
583.60      1.1196
583.80      1.1214
584.00      1.1232
584.20       1.125
584.40      1.1267
584.60      1.1284
584.80      1.1302
585.00      1.1319
585.20      1.1335
585.40      1.1351
585.60      1.1367
585.80      1.1383
586.00      1.1397
586.20      1.1411
586.40      1.1425
586.60      1.1437
586.80      1.1448
587.00      1.1459
587.20      1.1468
587.40      1.1476
587.60      1.1482
587.80      1.1487
588.00      1.1492
588.20      1.1494
588.40      1.1496
588.60      1.1496
588.80      1.1496
589.00      1.1494
589.20      1.1491
589.40      1.1488
589.60      1.1483
589.80      1.1478
590.00      1.1472
590.20      1.1466
590.40      1.1459
590.60      1.1452
590.80      1.1445
591.00      1.1438
591.20      1.1432
591.40      1.1426
591.60      1.1421
591.80      1.1416
592.00      1.1411
592.20      1.1407
592.40      1.1404
592.60      1.1401
592.80      1.1399
593.00      1.1397
593.20      1.1396
593.40      1.1395
593.60      1.1395
593.80      1.1395
594.00      1.1395
594.20      1.1395
594.40      1.1397
594.60      1.1398
594.80        1.14
595.00      1.1402
595.20      1.1405
595.40      1.1408
595.60      1.1412
595.80      1.1416
596.00      1.1421
596.20      1.1426
596.40      1.1431
596.60      1.1437
596.80      1.1442
597.00      1.1448
597.20      1.1454
597.40      1.1459
597.60      1.1464
597.80      1.1468
598.00      1.1471
598.20      1.1473
598.40      1.1475
598.60      1.1475
598.80      1.1474
599.00      1.1473
599.20       1.147
599.40      1.1467
599.60      1.1463
599.80      1.1459
600.00      1.1454
600.20      1.1449
600.40      1.1444
600.60      1.1439
600.80      1.1434
601.00       1.143
601.20      1.1426
601.40      1.1422
601.60      1.1418
601.80      1.1414
602.00       1.141
602.20      1.1406
602.40      1.1402
602.60      1.1397
602.80      1.1392
603.00      1.1386
603.20       1.138
603.40      1.1373
603.60      1.1364
603.80      1.1355
604.00      1.1345
604.20      1.1334
604.40      1.1322
604.60      1.1309
604.80      1.1295
605.00      1.1281
605.20      1.1266
605.40       1.125
605.60      1.1233
605.80      1.1216
606.00      1.1198
606.20       1.118
606.40      1.1162
606.60      1.1144
606.80      1.1125
607.00      1.1107
607.20      1.1088
607.40       1.107
607.60      1.1052
607.80      1.1035
608.00      1.1017
608.20      1.1001
608.40      1.0985
608.60       1.097
608.80      1.0956
609.00      1.0942
609.20       1.093
609.40      1.0919
609.60      1.0908
609.80      1.0898
610.00      1.0889
610.20       1.088
610.40      1.0871
610.60      1.0863
610.80      1.0855
611.00      1.0847
611.20      1.0839
611.40      1.0832
611.60      1.0824
611.80      1.0817
612.00       1.081
612.20      1.0803
612.40      1.0795
612.60      1.0787
612.80      1.0778
613.00      1.0769
613.20      1.0758
613.40      1.0747
613.60      1.0736
613.80      1.0723
614.00      1.0709
614.20      1.0695
614.40      1.0679
614.60      1.0663
614.80      1.0645
615.00      1.0627
615.20      1.0607
615.40      1.0587
615.60      1.0567
615.80      1.0545
616.00      1.0524
616.20      1.0503
616.40      1.0481
616.60       1.046
616.80      1.0438
617.00      1.0418
617.20      1.0397
617.40      1.0377
617.60      1.0357
617.80      1.0338
618.00      1.0319
618.20      1.0301
618.40      1.0283
618.60      1.0265
618.80      1.0247
619.00       1.023
619.20      1.0213
619.40      1.0195
619.60      1.0178
619.80       1.016
620.00      1.0143
620.20      1.0124
620.40      1.0106
620.60      1.0087
620.80      1.0068
621.00      1.0049
621.20       1.003
621.40       1.001
621.60     0.99902
621.80     0.99703
622.00     0.99503
622.20     0.99304
622.40     0.99106
622.60     0.98908
622.80     0.98711
623.00     0.98515
623.20     0.98319
623.40     0.98125
623.60      0.9793
623.80     0.97735
624.00     0.97539
624.20     0.97341
624.40     0.97142
624.60     0.96942
624.80     0.96739
625.00     0.96535
625.20     0.96328
625.40      0.9612
625.60     0.95909
625.80     0.95697
626.00     0.95484
626.20     0.95269
626.40     0.95053
626.60     0.94838
626.80     0.94624
627.00     0.94411
627.20     0.94201
627.40     0.93994
627.60     0.93791
627.80     0.93592
628.00     0.93398
628.20     0.93209
628.40     0.93025
628.60     0.92845
628.80     0.92669
629.00     0.92497
629.20     0.92327
629.40     0.92161
629.60     0.91997
629.80     0.91833
630.00      0.9167
630.20     0.91506
630.40     0.91341
630.60     0.91174
630.80     0.91007
631.00      0.9084
631.20     0.90676
631.40     0.90515
631.60      0.9036
631.80     0.90213
632.00     0.90077
632.20     0.89952
632.40     0.89841
632.60     0.89746
632.80     0.89669
633.00     0.89611
633.20     0.89575
633.40     0.89561
633.60      0.8957
633.80     0.89601
634.00     0.89654
634.20     0.89727
634.40     0.89819
634.60     0.89928
634.80     0.90051
635.00     0.90189
635.20     0.90338
635.40     0.90498
635.60     0.90667
635.80     0.90842
636.00     0.91023
636.20     0.91209
636.40     0.91398
636.60     0.91589
636.80     0.91782
637.00     0.91975
637.20      0.9217
637.40     0.92367
637.60     0.92563
637.80      0.9276
638.00     0.92958
638.20     0.93155
638.40     0.93353
638.60     0.93551
638.80     0.93749
639.00     0.93948
639.20     0.94146
639.40     0.94346
639.60     0.94546
639.80     0.94747
640.00      0.9495
640.20     0.95154
640.40     0.95361
640.60     0.95571
640.80     0.95784
641.00     0.96001
641.20     0.96222
641.40     0.96448
641.60      0.9668
641.80     0.96918
642.00     0.97162
642.20     0.97413
642.40     0.97671
642.60     0.97937
642.80     0.98209
643.00      0.9849
643.20     0.98778
643.40     0.99073
643.60     0.99376
643.80     0.99686
644.00           1
644.20      1.0032
644.40      1.0065
644.60      1.0098
644.80       1.013
645.00      1.0163
645.20      1.0196
645.40      1.0228
645.60       1.026
645.80      1.0292
646.00      1.0322
646.20      1.0352
646.40      1.0382
646.60       1.041
646.80      1.0437
647.00      1.0463
647.20      1.0488
647.40      1.0512
647.60      1.0536
647.80      1.0558
648.00       1.058
648.20        1.06
648.40      1.0621
648.60      1.0641
648.80      1.0661
649.00       1.068
649.20        1.07
649.40       1.072
649.60      1.0741
649.80      1.0762
650.00      1.0784
650.20      1.0806
650.40      1.0829
650.60      1.0853
650.80      1.0878
651.00      1.0903
651.20      1.0929
651.40      1.0956
651.60      1.0984
651.80      1.1012
652.00      1.1041
652.20       1.107
652.40        1.11
652.60      1.1129
652.80      1.1159
653.00      1.1189
653.20      1.1218
653.40      1.1248
653.60      1.1277
653.80      1.1305
654.00      1.1334
654.20      1.1362
654.40      1.1389
654.60      1.1416
654.80      1.1442
655.00      1.1468
655.20      1.1493
655.40      1.1518
655.60      1.1542
655.80      1.1565
656.00      1.1587
656.20      1.1608
656.40      1.1629
656.60      1.1648
656.80      1.1666
657.00      1.1684
657.20        1.17
657.40      1.1715
657.60      1.1728
657.80      1.1741
658.00      1.1753
658.20      1.1763
658.40      1.1773
658.60      1.1781
658.80      1.1788
659.00      1.1794
659.20      1.1799
659.40      1.1803
659.60      1.1806
659.80      1.1808
660.00       1.181
660.20      1.1811
660.40      1.1812
660.60      1.1812
660.80      1.1812
661.00      1.1811
661.20       1.181
661.40      1.1809
661.60      1.1807
661.80      1.1804
662.00      1.1801
662.20      1.1798
662.40      1.1794
662.60      1.1789
662.80      1.1784
663.00      1.1779
663.20      1.1772
663.40      1.1765
663.60      1.1758
663.80       1.175
664.00      1.1742
664.20      1.1733
664.40      1.1725
664.60      1.1716
664.80      1.1707
665.00      1.1698
665.20      1.1688
665.40      1.1678
665.60      1.1668
665.80      1.1657
666.00      1.1646
666.20      1.1635
666.40      1.1623
666.60      1.1611
666.80        1.16
667.00      1.1588
667.20      1.1577
667.40      1.1566
667.60      1.1555
667.80      1.1544
668.00      1.1534
668.20      1.1524
668.40      1.1515
668.60      1.1506
668.80      1.1497
669.00      1.1489
669.20      1.1481
669.40      1.1473
669.60      1.1465
669.80      1.1458
670.00      1.1451
670.20      1.1444
670.40      1.1438
670.60      1.1432
670.80      1.1427
671.00      1.1423
671.20      1.1419
671.40      1.1415
671.60      1.1413
671.80       1.141
672.00      1.1408
672.20      1.1406
672.40      1.1405
672.60      1.1404
672.80      1.1402
673.00        1.14
673.20      1.1399
673.40      1.1396
673.60      1.1394
673.80       1.139
674.00      1.1386
674.20      1.1382
674.40      1.1376
674.60      1.1369
674.80      1.1362
675.00      1.1353
675.20      1.1344
675.40      1.1333
675.60      1.1322
675.80      1.1311
676.00      1.1298
676.20      1.1286
676.40      1.1272
676.60      1.1259
676.80      1.1245
677.00      1.1231
677.20      1.1218
677.40      1.1204
677.60      1.1191
677.80      1.1179
678.00      1.1167
678.20      1.1157
678.40      1.1147
678.60      1.1139
678.80      1.1133
679.00      1.1128
679.20      1.1124
679.40      1.1122
679.60      1.1122
679.80      1.1123
680.00      1.1126
680.20       1.113
680.40      1.1135
680.60      1.1142
680.80      1.1149
681.00      1.1158
681.20      1.1167
681.40      1.1176
681.60      1.1185
681.80      1.1194
682.00      1.1203
682.20      1.1212
682.40       1.122
682.60      1.1228
682.80      1.1235
683.00       1.124
683.20      1.1245
683.40      1.1248
683.60      1.1249
683.80      1.1248
684.00      1.1245
684.20       1.124
684.40      1.1233
684.60      1.1224
684.80      1.1213
685.00        1.12
685.20      1.1186
685.40       1.117
685.60      1.1153
685.80      1.1134
686.00      1.1115
686.20      1.1096
686.40      1.1076
686.60      1.1056
686.80      1.1036
687.00      1.1016
687.20      1.0997
687.40      1.0979
687.60      1.0961
687.80      1.0945
688.00      1.0929
688.20      1.0914
688.40      1.0901
688.60      1.0888
688.80      1.0877
689.00      1.0867
689.20      1.0858
689.40      1.0851
689.60      1.0844
689.80       1.084
690.00      1.0836
690.20      1.0834
690.40      1.0834
690.60      1.0835
690.80      1.0837
691.00       1.084
691.20      1.0844
691.40      1.0849
691.60      1.0854
691.80      1.0859
692.00      1.0864
692.20      1.0869
692.40      1.0874
692.60      1.0879
692.80      1.0883
693.00      1.0886
693.20      1.0889
693.40      1.0892
693.60      1.0894
693.80      1.0896
694.00      1.0898
694.20      1.0899
694.40      1.0901
694.60      1.0901
694.80      1.0902
695.00      1.0903
695.20      1.0903
695.40      1.0903
695.60      1.0904
695.80      1.0904
696.00      1.0904
696.20      1.0904
696.40      1.0904
696.60      1.0905
696.80      1.0905
697.00      1.0905
697.20      1.0905
697.40      1.0906
697.60      1.0906
697.80      1.0906
698.00      1.0907
698.20      1.0907
698.40      1.0907
698.60      1.0907
698.80      1.0907
699.00      1.0906
699.20      1.0905
699.40      1.0904
699.60      1.0902
699.80        1.09
700.00      1.0896
700.20      1.0893
700.40      1.0888
700.60      1.0882
700.80      1.0876
701.00      1.0868
701.20       1.086
701.40       1.085
701.60       1.084
701.80      1.0829
702.00      1.0816
702.20      1.0803
702.40       1.079
702.60      1.0775
702.80       1.076
703.00      1.0745
703.20      1.0728
703.40      1.0712
703.60      1.0694
703.80      1.0676
704.00      1.0658
704.20      1.0639
704.40       1.062
704.60        1.06
704.80      1.0581
705.00       1.056
705.20       1.054
705.40      1.0519
705.60      1.0498
705.80      1.0477
706.00      1.0456
706.20      1.0435
706.40      1.0414
706.60      1.0392
706.80       1.037
707.00      1.0348
707.20      1.0326
707.40      1.0303
707.60       1.028
707.80      1.0256
708.00      1.0231
708.20      1.0206
708.40       1.018
708.60      1.0153
708.80      1.0125
709.00      1.0096
709.20      1.0066
709.40      1.0035
709.60      1.0002
709.80     0.99678
710.00     0.99319
710.20     0.98943
710.40     0.98549
710.60     0.98137
710.80     0.97707
711.00     0.97259
711.20     0.96794
711.40     0.96312
711.60     0.95815
711.80     0.95305
712.00     0.94784
712.20     0.94254
712.40     0.93717
712.60     0.93175
712.80     0.92629
713.00     0.92082
713.20     0.91536
713.40     0.90994
713.60     0.90457
713.80      0.8993
714.00     0.89412
714.20     0.88909
714.40      0.8842
714.60     0.87948
714.80     0.87494
715.00     0.87061
715.20     0.86649
715.40     0.86259
715.60     0.85892
715.80     0.85548
716.00     0.85227
716.20     0.84929
716.40     0.84653
716.60     0.84399
716.80     0.84167
717.00     0.83956
717.20     0.83766
717.40     0.83596
717.60     0.83445
717.80     0.83313
718.00     0.83197
718.20     0.83098
718.40     0.83011
718.60     0.82936
718.80      0.8287
719.00     0.82812
719.20     0.82759
719.40      0.8271
719.60     0.82664
719.80     0.82619
720.00     0.82574
