 0.20     0.92728
 0.40      0.9261
 0.60     0.92492
 0.80     0.92375
 1.00      0.9226
 1.20     0.92148
 1.40     0.92039
 1.60     0.91935
 1.80     0.91834
 2.00     0.91738
 2.20     0.91647
 2.40     0.91562
 2.60     0.91483
 2.80      0.9141
 3.00     0.91342
 3.20     0.91277
 3.40     0.91215
 3.60     0.91152
 3.80     0.91088
 4.00      0.9102
 4.20     0.90945
 4.40     0.90861
 4.60     0.90767
 4.80     0.90659
 5.00     0.90535
 5.20     0.90396
 5.40     0.90238
 5.60     0.90062
 5.80     0.89868
 6.00     0.89655
 6.20     0.89425
 6.40     0.89178
 6.60     0.88916
 6.80     0.88639
 7.00     0.88351
 7.20     0.88054
 7.40     0.87752
 7.60     0.87446
 7.80      0.8714
 8.00     0.86838
 8.20     0.86542
 8.40     0.86256
 8.60      0.8598
 8.80     0.85718
 9.00     0.85471
 9.20     0.85242
 9.40     0.85031
 9.60     0.84838
 9.80     0.84665
10.00     0.84512
10.20     0.84379
10.40     0.84267
10.60     0.84173
10.80     0.84099
11.00     0.84041
11.20        0.84
11.40     0.83973
11.60     0.83959
11.80     0.83958
12.00     0.83968
12.20     0.83987
12.40     0.84015
12.60      0.8405
12.80     0.84092
13.00     0.84139
13.20     0.84189
13.40     0.84242
13.60     0.84296
13.80     0.84348
14.00     0.84397
14.20      0.8444
14.40     0.84474
14.60     0.84496
14.80     0.84503
15.00     0.84493
15.20     0.84465
15.40     0.84415
15.60     0.84345
15.80     0.84254
16.00     0.84141
16.20     0.84009
16.40     0.83859
16.60     0.83691
16.80     0.83506
17.00     0.83307
17.20     0.83095
17.40     0.82872
17.60     0.82639
17.80     0.82398
18.00     0.82152
18.20     0.81901
18.40     0.81648
18.60     0.81394
18.80     0.81141
19.00     0.80891
19.20     0.80645
19.40     0.80405
19.60     0.80171
19.80     0.79944
20.00     0.79725
20.20     0.79514
20.40     0.79311
20.60     0.79117
20.80     0.78932
21.00     0.78754
21.20     0.78585
21.40     0.78425
21.60     0.78272
21.80     0.78129
22.00     0.77993
22.20     0.77866
22.40     0.77747
22.60     0.77635
22.80      0.7753
23.00     0.77434
23.20     0.77346
23.40     0.77268
23.60     0.77198
23.80     0.77138
24.00     0.77086
24.20     0.77043
24.40     0.77007
24.60     0.76978
24.80     0.76955
25.00     0.76938
25.20     0.76926
25.40     0.76918
25.60     0.76915
25.80     0.76915
26.00     0.76919
26.20     0.76925
26.40     0.76935
26.60     0.76948
26.80     0.76964
27.00     0.76983
27.20     0.77005
27.40     0.77031
27.60      0.7706
27.80     0.77093
28.00     0.77129
28.20     0.77169
28.40     0.77212
28.60     0.77258
28.80     0.77306
29.00     0.77356
29.20     0.77406
29.40     0.77455
29.60     0.77501
29.80     0.77541
30.00     0.77575
30.20       0.776
30.40     0.77615
30.60      0.7762
30.80     0.77615
31.00       0.776
31.20     0.77576
31.40     0.77543
31.60     0.77503
31.80     0.77457
32.00     0.77409
32.20     0.77359
32.40      0.7731
32.60     0.77262
32.80     0.77217
33.00     0.77175
33.20     0.77135
33.40       0.771
33.60     0.77067
33.80     0.77038
34.00     0.77013
34.20      0.7699
34.40     0.76971
34.60     0.76954
34.80     0.76939
35.00     0.76928
35.20     0.76918
35.40     0.76911
35.60     0.76907
35.80     0.76906
36.00     0.76908
36.20     0.76913
36.40     0.76922
36.60     0.76936
36.80     0.76955
37.00     0.76979
37.20     0.77011
37.40      0.7705
37.60     0.77097
37.80     0.77153
38.00     0.77219
38.20     0.77294
38.40      0.7738
38.60     0.77476
38.80     0.77582
39.00     0.77696
39.20     0.77818
39.40     0.77946
39.60     0.78079
39.80     0.78217
40.00     0.78358
40.20       0.785
40.40     0.78643
40.60     0.78785
40.80     0.78923
41.00     0.79056
41.20     0.79183
41.40     0.79301
41.60     0.79411
41.80     0.79509
42.00     0.79597
42.20     0.79674
42.40     0.79741
42.60     0.79798
42.80     0.79847
43.00     0.79888
43.20     0.79924
43.40     0.79956
43.60     0.79984
43.80     0.80012
44.00     0.80041
44.20     0.80072
44.40     0.80108
44.60     0.80149
44.80     0.80196
45.00     0.80253
45.20     0.80318
45.40     0.80394
45.60     0.80481
45.80     0.80578
46.00     0.80687
46.20     0.80804
46.40      0.8093
46.60     0.81063
46.80     0.81201
47.00     0.81343
47.20     0.81488
47.40     0.81632
47.60     0.81775
47.80     0.81914
48.00     0.82046
48.20     0.82171
48.40     0.82287
48.60     0.82391
48.80     0.82481
49.00     0.82556
49.20     0.82615
49.40     0.82656
49.60      0.8268
49.80     0.82686
50.00     0.82676
50.20     0.82649
50.40     0.82606
50.60      0.8255
50.80     0.82481
51.00     0.82402
51.20     0.82315
51.40      0.8222
51.60      0.8212
51.80     0.82014
52.00     0.81903
52.20     0.81788
52.40     0.81669
52.60     0.81549
52.80     0.81427
53.00     0.81306
53.20     0.81187
53.40     0.81071
53.60     0.80959
53.80     0.80851
54.00     0.80748
54.20     0.80651
54.40     0.80562
54.60     0.80482
54.80     0.80413
55.00     0.80356
55.20     0.80313
55.40     0.80284
55.60     0.80269
55.80     0.80268
56.00     0.80283
56.20     0.80311
56.40     0.80353
56.60     0.80407
56.80     0.80472
57.00     0.80546
57.20     0.80628
57.40     0.80715
57.60     0.80805
57.80     0.80899
58.00     0.80994
58.20      0.8109
58.40     0.81186
58.60     0.81281
58.80     0.81374
59.00     0.81464
59.20     0.81549
59.40     0.81627
59.60     0.81699
59.80     0.81763
60.00      0.8182
60.20     0.81869
60.40     0.81911
60.60     0.81946
60.80     0.81976
61.00     0.81999
61.20     0.82018
61.40     0.82033
61.60     0.82043
61.80     0.82051
62.00     0.82056
62.20     0.82059
62.40      0.8206
62.60      0.8206
62.80     0.82058
63.00     0.82056
63.20     0.82053
63.40      0.8205
63.60     0.82046
63.80     0.82041
64.00     0.82036
64.20     0.82031
64.40     0.82025
64.60     0.82018
64.80      0.8201
65.00     0.82002
65.20     0.81992
65.40      0.8198
65.60     0.81967
65.80     0.81952
66.00     0.81935
66.20     0.81916
66.40     0.81895
66.60     0.81872
66.80     0.81847
67.00     0.81821
67.20     0.81794
67.40     0.81766
67.60     0.81739
67.80     0.81714
68.00     0.81691
68.20     0.81673
68.40     0.81662
68.60     0.81658
68.80     0.81662
69.00     0.81674
69.20     0.81694
69.40      0.8172
69.60      0.8175
69.80     0.81782
70.00     0.81815
70.20     0.81847
70.40     0.81877
70.60     0.81905
70.80     0.81928
71.00     0.81948
71.20     0.81962
71.40      0.8197
71.60     0.81972
71.80     0.81966
72.00     0.81953
72.20     0.81932
72.40     0.81901
72.60     0.81862
72.80     0.81814
73.00     0.81756
73.20     0.81688
73.40     0.81611
73.60     0.81525
73.80     0.81432
74.00     0.81332
74.20     0.81227
74.40      0.8112
74.60     0.81012
74.80     0.80904
75.00     0.80797
75.20     0.80692
75.40     0.80592
75.60     0.80498
75.80     0.80412
76.00     0.80334
76.20     0.80265
76.40     0.80204
76.60     0.80152
76.80     0.80109
77.00     0.80073
77.20     0.80044
77.40     0.80021
77.60     0.80004
77.80     0.79992
78.00     0.79984
78.20     0.79979
78.40     0.79976
78.60     0.79976
78.80     0.79976
79.00     0.79976
79.20     0.79976
79.40     0.79974
79.60     0.79971
79.80     0.79966
80.00     0.79958
80.20     0.79946
80.40      0.7993
80.60      0.7991
80.80     0.79885
81.00     0.79855
81.20      0.7982
81.40     0.79779
81.60     0.79734
81.80     0.79684
82.00     0.79629
82.20     0.79572
82.40     0.79513
82.60     0.79454
82.80     0.79395
83.00     0.79339
83.20     0.79285
83.40     0.79234
83.60     0.79184
83.80     0.79136
84.00      0.7909
84.20     0.79043
84.40     0.78996
84.60     0.78948
84.80     0.78897
85.00     0.78843
85.20     0.78785
85.40     0.78722
85.60     0.78654
85.80     0.78581
86.00     0.78504
86.20     0.78422
86.40     0.78337
86.60      0.7825
86.80      0.7816
87.00     0.78069
87.20     0.77976
87.40     0.77881
87.60     0.77784
87.80     0.77686
88.00     0.77585
88.20     0.77484
88.40     0.77382
88.60     0.77281
88.80      0.7718
89.00      0.7708
89.20      0.7698
89.40      0.7688
89.60     0.76779
89.80     0.76677
90.00     0.76574
90.20      0.7647
90.40     0.76367
90.60     0.76264
90.80     0.76164
91.00     0.76067
91.20     0.75972
91.40     0.75881
91.60     0.75794
91.80     0.75712
92.00     0.75634
92.20     0.75563
92.40       0.755
92.60     0.75446
92.80     0.75402
93.00      0.7537
93.20      0.7535
93.40     0.75342
93.60     0.75345
93.80      0.7536
94.00     0.75385
94.20      0.7542
94.40     0.75461
94.60     0.75508
94.80     0.75557
95.00     0.75607
95.20     0.75656
95.40     0.75703
95.60     0.75747
95.80     0.75787
96.00     0.75823
96.20     0.75855
96.40     0.75882
96.60     0.75906
96.80     0.75926
97.00     0.75943
97.20     0.75957
97.40     0.75968
97.60     0.75979
97.80     0.75988
98.00     0.75996
98.20     0.76005
98.40     0.76015
98.60     0.76026
98.80      0.7604
99.00     0.76056
99.20     0.76075
99.40     0.76098
99.60     0.76126
99.80     0.76158
100.00     0.76195
100.20     0.76237
100.40     0.76283
100.60     0.76334
100.80     0.76388
101.00     0.76445
101.20     0.76503
101.40      0.7656
101.60     0.76615
101.80     0.76665
102.00     0.76708
102.20     0.76744
102.40     0.76772
102.60     0.76791
102.80     0.76801
103.00     0.76801
103.20     0.76791
103.40     0.76772
103.60     0.76745
103.80     0.76709
104.00     0.76665
104.20     0.76616
104.40     0.76562
104.60     0.76505
104.80     0.76448
105.00     0.76392
105.20     0.76339
105.40      0.7629
105.60     0.76245
105.80     0.76205
106.00      0.7617
106.20      0.7614
106.40     0.76114
106.60     0.76093
106.80     0.76076
107.00     0.76062
107.20      0.7605
107.40      0.7604
107.60     0.76031
107.80     0.76023
108.00     0.76013
108.20     0.76002
108.40     0.75989
108.60     0.75973
108.80     0.75952
109.00     0.75926
109.20     0.75895
109.40     0.75857
109.60     0.75811
109.80     0.75759
110.00     0.75698
110.20     0.75629
110.40     0.75552
110.60     0.75469
110.80     0.75379
111.00     0.75285
111.20     0.75189
111.40     0.75093
111.60     0.74997
111.80     0.74905
112.00     0.74818
112.20     0.74737
112.40     0.74665
112.60     0.74603
112.80     0.74553
113.00     0.74517
113.20     0.74493
113.40     0.74483
113.60     0.74486
113.80       0.745
114.00     0.74524
114.20     0.74555
114.40     0.74592
114.60     0.74632
114.80     0.74674
115.00     0.74715
115.20     0.74755
115.40     0.74793
115.60     0.74829
115.80     0.74861
116.00     0.74891
116.20     0.74918
116.40     0.74941
116.60     0.74962
116.80      0.7498
117.00     0.74995
117.20     0.75009
117.40      0.7502
117.60      0.7503
117.80     0.75039
118.00     0.75046
118.20     0.75053
118.40     0.75058
118.60     0.75063
118.80     0.75067
119.00     0.75071
119.20     0.75074
119.40     0.75075
119.60     0.75075
119.80     0.75074
120.00     0.75071
120.20     0.75065
120.40     0.75056
120.60     0.75043
120.80     0.75026
121.00     0.75004
121.20     0.74976
121.40     0.74942
121.60     0.74901
121.80     0.74851
122.00     0.74794
122.20     0.74727
122.40     0.74652
122.60     0.74567
122.80     0.74474
123.00     0.74374
123.20     0.74267
123.40     0.74156
123.60     0.74042
123.80     0.73927
124.00     0.73812
124.20       0.737
124.40     0.73592
124.60      0.7349
124.80     0.73396
125.00     0.73313
125.20     0.73242
125.40     0.73184
125.60     0.73141
125.80     0.73113
126.00     0.73101
126.20     0.73107
126.40     0.73129
126.60     0.73169
126.80     0.73227
127.00     0.73304
127.20     0.73398
127.40      0.7351
127.60     0.73639
127.80     0.73783
128.00     0.73941
128.20      0.7411
128.40      0.7429
128.60     0.74478
128.80     0.74672
129.00      0.7487
129.20     0.75069
129.40     0.75268
129.60     0.75464
129.80     0.75655
130.00     0.75839
130.20     0.76014
130.40     0.76179
130.60     0.76332
130.80     0.76473
131.00     0.76599
131.20     0.76712
131.40      0.7681
131.60     0.76894
131.80     0.76964
132.00     0.77022
132.20     0.77067
132.40     0.77101
132.60     0.77124
132.80     0.77139
133.00     0.77146
133.20     0.77147
133.40     0.77142
133.60     0.77134
133.80     0.77121
134.00     0.77106
134.20     0.77088
134.40     0.77068
134.60     0.77046
134.80     0.77023
135.00     0.76998
135.20     0.76972
135.40     0.76945
135.60     0.76917
135.80     0.76888
136.00     0.76859
136.20      0.7683
136.40       0.768
136.60     0.76769
136.80     0.76735
137.00     0.76698
137.20     0.76657
137.40     0.76612
137.60     0.76562
137.80     0.76509
138.00     0.76453
138.20     0.76396
138.40      0.7634
138.60     0.76285
138.80     0.76234
139.00     0.76187
139.20     0.76145
139.40     0.76108
139.60     0.76077
139.80     0.76052
140.00     0.76034
140.20     0.76022
140.40     0.76016
140.60     0.76017
140.80     0.76025
141.00     0.76039
141.20      0.7606
141.40     0.76088
141.60     0.76122
141.80     0.76163
142.00      0.7621
142.20     0.76262
142.40     0.76319
142.60     0.76381
142.80     0.76445
143.00      0.7651
143.20     0.76574
143.40     0.76636
143.60     0.76694
143.80     0.76748
144.00     0.76797
144.20     0.76841
144.40     0.76879
144.60     0.76913
144.80     0.76942
145.00     0.76966
145.20     0.76986
145.40     0.77003
145.60     0.77016
145.80     0.77026
146.00     0.77034
146.20      0.7704
146.40     0.77045
146.60     0.77048
146.80      0.7705
147.00     0.77051
147.20     0.77051
147.40     0.77051
147.60     0.77051
147.80      0.7705
148.00     0.77049
148.20     0.77047
148.40     0.77044
148.60     0.77041
148.80     0.77037
149.00     0.77031
149.20     0.77024
149.40     0.77014
149.60     0.77003
149.80     0.76989
150.00     0.76971
150.20     0.76951
150.40     0.76927
150.60     0.76898
150.80     0.76866
151.00     0.76829
151.20     0.76789
151.40     0.76744
151.60     0.76695
151.80     0.76644
152.00     0.76591
152.20     0.76537
152.40     0.76484
152.60     0.76435
152.80     0.76391
153.00     0.76356
153.20     0.76331
153.40     0.76317
153.60     0.76317
153.80      0.7633
154.00     0.76358
154.20       0.764
154.40     0.76457
154.60     0.76527
154.80     0.76611
155.00     0.76706
155.20      0.7681
155.40     0.76922
155.60      0.7704
155.80     0.77163
156.00     0.77288
156.20     0.77414
156.40     0.77539
156.60     0.77663
156.80     0.77782
157.00     0.77898
157.20     0.78009
157.40     0.78116
157.60     0.78217
157.80     0.78312
158.00     0.78402
158.20     0.78483
158.40     0.78557
158.60     0.78619
158.80      0.7867
159.00     0.78707
159.20     0.78731
159.40     0.78741
159.60     0.78736
159.80     0.78718
160.00     0.78685
160.20     0.78639
160.40     0.78581
160.60     0.78512
160.80     0.78434
161.00     0.78349
161.20     0.78259
161.40     0.78164
161.60     0.78068
161.80     0.77969
162.00     0.77871
162.20     0.77772
162.40     0.77675
162.60     0.77582
162.80     0.77492
163.00      0.7741
163.20     0.77335
163.40      0.7727
163.60     0.77215
163.80     0.77171
164.00     0.77138
164.20     0.77117
164.40     0.77107
164.60     0.77108
164.80     0.77121
165.00     0.77144
165.20     0.77178
165.40     0.77222
165.60     0.77275
165.80     0.77337
166.00     0.77406
166.20      0.7748
166.40     0.77558
166.60     0.77638
166.80     0.77719
167.00     0.77801
167.20     0.77883
167.40     0.77966
167.60     0.78048
167.80      0.7813
168.00     0.78213
168.20     0.78295
168.40     0.78376
168.60     0.78456
168.80     0.78533
169.00     0.78607
169.20     0.78676
169.40     0.78739
169.60     0.78796
169.80     0.78847
170.00     0.78893
170.20     0.78933
170.40     0.78967
170.60     0.78997
170.80     0.79023
171.00     0.79045
171.20     0.79063
171.40     0.79078
171.60     0.79091
171.80     0.79102
172.00     0.79111
172.20     0.79117
172.40     0.79122
172.60     0.79124
172.80     0.79124
173.00     0.79122
173.20     0.79116
173.40     0.79106
173.60     0.79091
173.80     0.79071
174.00     0.79045
174.20     0.79015
174.40     0.78982
174.60     0.78946
174.80     0.78908
175.00      0.7887
175.20     0.78832
175.40     0.78795
175.60     0.78762
175.80     0.78733
176.00     0.78711
176.20     0.78697
176.40     0.78694
176.60       0.787
176.80     0.78717
177.00     0.78744
177.20      0.7878
177.40     0.78822
177.60     0.78871
177.80     0.78926
178.00     0.78986
178.20      0.7905
178.40     0.79118
178.60      0.7919
178.80     0.79263
179.00     0.79339
179.20     0.79414
179.40     0.79489
179.60     0.79561
179.80     0.79628
180.00      0.7969
180.20     0.79746
180.40     0.79796
180.60     0.79839
180.80     0.79877
181.00     0.79908
181.20     0.79934
181.40     0.79956
181.60     0.79973
181.80     0.79986
182.00     0.79997
182.20     0.80005
182.40     0.80012
182.60     0.80018
182.80     0.80024
183.00      0.8003
183.20     0.80038
183.40     0.80047
183.60     0.80059
183.80     0.80073
184.00     0.80091
184.20     0.80112
184.40     0.80137
184.60     0.80167
184.80     0.80201
185.00     0.80238
185.20      0.8028
185.40     0.80324
185.60     0.80371
185.80     0.80419
186.00     0.80467
186.20     0.80512
186.40     0.80553
186.60     0.80587
186.80     0.80613
187.00      0.8063
187.20     0.80638
187.40     0.80635
187.60     0.80622
187.80     0.80599
188.00     0.80568
188.20     0.80528
188.40     0.80483
188.60     0.80434
188.80     0.80383
189.00     0.80334
189.20     0.80286
189.40     0.80243
189.60     0.80204
189.80     0.80172
190.00     0.80147
190.20     0.80129
190.40     0.80119
190.60     0.80117
190.80     0.80123
191.00     0.80138
191.20      0.8016
191.40     0.80191
191.60     0.80229
191.80     0.80275
192.00     0.80326
192.20     0.80383
192.40     0.80444
192.60     0.80506
192.80     0.80568
193.00     0.80629
193.20     0.80686
193.40     0.80739
193.60     0.80788
193.80     0.80831
194.00     0.80869
194.20     0.80902
194.40     0.80929
194.60     0.80952
194.80     0.80971
195.00     0.80985
195.20     0.80996
195.40     0.81003
195.60     0.81007
195.80     0.81009
196.00     0.81009
196.20     0.81007
196.40     0.81004
196.60        0.81
196.80     0.80996
197.00     0.80992
197.20     0.80988
197.40     0.80984
197.60     0.80982
197.80     0.80981
198.00     0.80982
198.20     0.80986
198.40     0.80992
198.60     0.81002
198.80     0.81016
199.00     0.81035
199.20     0.81058
199.40     0.81086
199.60      0.8112
199.80     0.81161
200.00     0.81207
200.20      0.8126
200.40     0.81318
200.60     0.81383
200.80     0.81452
201.00     0.81524
201.20     0.81599
201.40     0.81675
201.60     0.81751
201.80     0.81827
202.00     0.81903
202.20     0.81979
202.40     0.82055
202.60      0.8213
202.80     0.82206
203.00     0.82281
203.20     0.82357
203.40     0.82432
203.60     0.82505
203.80     0.82575
204.00     0.82642
204.20     0.82704
204.40     0.82762
204.60     0.82817
204.80     0.82868
205.00     0.82917
205.20     0.82963
205.40     0.83009
205.60     0.83054
205.80     0.83101
206.00     0.83149
206.20     0.83199
206.40     0.83253
206.60      0.8331
206.80     0.83371
207.00     0.83435
207.20     0.83502
207.40     0.83571
207.60     0.83641
207.80      0.8371
208.00     0.83778
208.20     0.83845
208.40     0.83911
208.60     0.83975
208.80     0.84037
209.00     0.84098
209.20     0.84157
209.40     0.84216
209.60     0.84272
209.80     0.84327
210.00      0.8438
210.20     0.84428
210.40     0.84473
210.60     0.84515
210.80     0.84553
211.00      0.8459
211.20     0.84627
211.40     0.84665
211.60     0.84707
211.80     0.84753
212.00     0.84803
212.20     0.84857
212.40     0.84914
212.60     0.84974
212.80     0.85036
213.00     0.85101
213.20     0.85167
213.40     0.85235
213.60     0.85304
213.80     0.85374
214.00     0.85442
214.20     0.85509
214.40     0.85573
214.60     0.85633
214.80      0.8569
215.00     0.85743
215.20     0.85795
215.40     0.85845
215.60     0.85895
215.80     0.85946
216.00        0.86
216.20     0.86058
216.40     0.86121
216.60     0.86192
216.80      0.8627
217.00     0.86358
217.20     0.86456
217.40     0.86564
217.60     0.86683
217.80     0.86812
218.00     0.86951
218.20     0.87097
218.40      0.8725
218.60     0.87409
218.80     0.87572
219.00     0.87738
219.20     0.87906
219.40     0.88074
219.60     0.88241
219.80     0.88407
220.00      0.8857
220.20     0.88729
220.40     0.88882
220.60     0.89028
220.80     0.89166
221.00     0.89296
221.20     0.89417
221.40     0.89527
221.60     0.89625
221.80     0.89711
222.00     0.89785
222.20     0.89848
222.40     0.89901
222.60     0.89943
222.80     0.89975
223.00         0.9
223.20     0.90016
223.40     0.90027
223.60     0.90031
223.80     0.90031
224.00     0.90027
224.20      0.9002
224.40      0.9001
224.60     0.89999
224.80     0.89987
225.00     0.89976
225.20     0.89964
225.40     0.89955
225.60     0.89948
225.80     0.89944
226.00     0.89944
226.20     0.89949
226.40     0.89961
226.60      0.8998
226.80     0.90007
227.00     0.90044
227.20     0.90092
227.40     0.90152
227.60     0.90224
227.80      0.9031
228.00     0.90411
228.20     0.90526
228.40     0.90655
228.60     0.90798
228.80     0.90954
229.00     0.91122
229.20       0.913
229.40     0.91488
229.60     0.91683
229.80     0.91885
230.00     0.92091
230.20     0.92301
230.40     0.92511
230.60     0.92721
230.80     0.92929
231.00     0.93134
231.20     0.93335
231.40     0.93531
231.60     0.93721
231.80     0.93905
232.00     0.94084
232.20     0.94257
232.40     0.94425
232.60     0.94588
232.80     0.94746
233.00     0.94901
233.20     0.95054
233.40     0.95206
233.60     0.95357
233.80      0.9551
234.00     0.95665
234.20     0.95822
234.40     0.95982
234.60     0.96146
234.80     0.96313
235.00     0.96485
235.20     0.96662
235.40     0.96844
235.60     0.97031
235.80     0.97223
236.00      0.9742
236.20     0.97623
236.40      0.9783
236.60     0.98043
236.80     0.98261
237.00     0.98484
237.20     0.98712
237.40     0.98944
237.60     0.99181
237.80     0.99421
238.00     0.99665
238.20     0.99911
238.40      1.0016
238.60      1.0041
238.80      1.0066
239.00      1.0091
239.20      1.0116
239.40       1.014
239.60      1.0165
239.80      1.0189
240.00      1.0213
240.20      1.0237
240.40       1.026
240.60      1.0284
240.80      1.0307
241.00       1.033
241.20      1.0353
241.40      1.0376
241.60      1.0398
241.80      1.0421
242.00      1.0443
242.20      1.0465
242.40      1.0486
242.60      1.0507
242.80      1.0528
243.00      1.0548
243.20      1.0568
243.40      1.0586
243.60      1.0605
243.80      1.0622
244.00      1.0639
244.20      1.0656
244.40      1.0672
244.60      1.0687
244.80      1.0702
245.00      1.0717
245.20      1.0732
245.40      1.0747
245.60      1.0762
245.80      1.0778
246.00      1.0794
246.20      1.0811
246.40      1.0828
246.60      1.0847
246.80      1.0867
247.00      1.0888
247.20      1.0911
247.40      1.0935
247.60       1.096
247.80      1.0987
248.00      1.1015
248.20      1.1044
248.40      1.1074
248.60      1.1104
248.80      1.1135
249.00      1.1167
249.20      1.1198
249.40       1.123
249.60      1.1262
249.80      1.1294
250.00      1.1326
250.20      1.1358
250.40       1.139
250.60      1.1422
250.80      1.1453
251.00      1.1485
251.20      1.1516
251.40      1.1546
251.60      1.1577
251.80      1.1607
252.00      1.1637
252.20      1.1667
252.40      1.1697
252.60      1.1728
252.80      1.1758
253.00      1.1788
253.20      1.1819
253.40      1.1849
253.60       1.188
253.80       1.191
254.00      1.1941
254.20      1.1972
254.40      1.2002
254.60      1.2032
254.80      1.2061
255.00      1.2091
255.20      1.2119
255.40      1.2147
255.60      1.2174
255.80      1.2201
256.00      1.2227
256.20      1.2252
256.40      1.2276
256.60      1.2299
256.80      1.2322
257.00      1.2344
257.20      1.2365
257.40      1.2386
257.60      1.2406
257.80      1.2426
258.00      1.2446
258.20      1.2466
258.40      1.2485
258.60      1.2505
258.80      1.2525
259.00      1.2546
259.20      1.2567
259.40      1.2589
259.60      1.2613
259.80      1.2638
260.00      1.2664
260.20      1.2693
260.40      1.2724
260.60      1.2757
260.80      1.2792
261.00       1.283
261.20       1.287
261.40      1.2912
261.60      1.2958
261.80      1.3006
262.00      1.3056
262.20      1.3108
262.40      1.3163
262.60       1.322
262.80      1.3279
263.00      1.3339
263.20        1.34
263.40      1.3463
263.60      1.3527
263.80      1.3591
264.00      1.3655
264.20      1.3719
264.40      1.3782
264.60      1.3845
264.80      1.3907
265.00      1.3968
265.20      1.4026
265.40      1.4084
265.60      1.4139
265.80      1.4192
266.00      1.4244
266.20      1.4293
266.40       1.434
266.60      1.4384
266.80      1.4427
267.00      1.4468
267.20      1.4507
267.40      1.4544
267.60       1.458
267.80      1.4615
268.00      1.4649
268.20      1.4682
268.40      1.4715
268.60      1.4747
268.80      1.4779
269.00      1.4811
269.20      1.4844
269.40      1.4877
269.60       1.491
269.80      1.4944
270.00      1.4979
270.20      1.5014
270.40      1.5051
270.60      1.5089
270.80      1.5127
271.00      1.5167
271.20      1.5209
271.40      1.5252
271.60      1.5297
271.80      1.5344
272.00      1.5393
272.20      1.5444
272.40      1.5497
272.60      1.5552
272.80      1.5609
273.00      1.5668
273.20      1.5729
273.40      1.5793
273.60      1.5858
273.80      1.5925
274.00      1.5995
274.20      1.6066
274.40      1.6138
274.60      1.6212
274.80      1.6288
275.00      1.6364
275.20      1.6442
275.40       1.652
275.60      1.6598
275.80      1.6677
276.00      1.6756
276.20      1.6835
276.40      1.6913
276.60       1.699
276.80      1.7067
277.00      1.7144
277.20      1.7219
277.40      1.7294
277.60      1.7368
277.80      1.7441
278.00      1.7513
278.20      1.7585
278.40      1.7655
278.60      1.7725
278.80      1.7795
279.00      1.7863
279.20      1.7932
279.40         1.8
279.60      1.8067
279.80      1.8135
280.00      1.8203
280.20       1.827
280.40      1.8338
280.60      1.8406
280.80      1.8475
281.00      1.8544
281.20      1.8613
281.40      1.8683
281.60      1.8754
281.80      1.8825
282.00      1.8897
282.20       1.897
282.40      1.9043
282.60      1.9117
282.80      1.9192
283.00      1.9267
283.20      1.9343
283.40      1.9419
283.60      1.9495
283.80      1.9572
284.00       1.965
284.20      1.9727
284.40      1.9805
284.60      1.9883
284.80      1.9962
285.00       2.004
285.20      2.0119
285.40      2.0199
285.60      2.0279
285.80      2.0359
286.00       2.044
286.20      2.0522
286.40      2.0605
286.60      2.0688
286.80      2.0773
287.00      2.0859
287.20      2.0946
287.40      2.1035
287.60      2.1124
287.80      2.1216
288.00      2.1309
288.20      2.1404
288.40        2.15
288.60      2.1598
288.80      2.1698
289.00      2.1799
289.20      2.1902
289.40      2.2007
289.60      2.2114
289.80      2.2222
290.00      2.2332
290.20      2.2444
290.40      2.2558
290.60      2.2673
290.80       2.279
291.00      2.2908
291.20      2.3027
291.40      2.3148
291.60      2.3269
291.80      2.3391
292.00      2.3513
292.20      2.3636
292.40       2.376
292.60      2.3883
292.80      2.4006
293.00       2.413
293.20      2.4253
293.40      2.4376
293.60        2.45
293.80      2.4623
294.00      2.4747
294.20       2.487
294.40      2.4994
294.60      2.5119
294.80      2.5244
295.00       2.537
295.20      2.5497
295.40      2.5625
295.60      2.5753
295.80      2.5883
296.00      2.6015
296.20      2.6147
296.40      2.6281
296.60      2.6416
296.80      2.6552
297.00       2.669
297.20      2.6829
297.40      2.6969
297.60      2.7111
297.80      2.7254
298.00      2.7399
298.20      2.7546
298.40      2.7694
298.60      2.7843
298.80      2.7994
299.00      2.8146
299.20        2.83
299.40      2.8454
299.60       2.861
299.80      2.8767
300.00      2.8924
300.20      2.9082
300.40      2.9241
300.60      2.9401
300.80      2.9561
301.00      2.9722
301.20      2.9883
301.40      3.0045
301.60      3.0208
301.80      3.0372
302.00      3.0536
302.20      3.0702
302.40      3.0868
302.60      3.1036
302.80      3.1204
303.00      3.1374
303.20      3.1545
303.40      3.1718
303.60      3.1892
303.80      3.2067
304.00      3.2244
304.20      3.2422
304.40      3.2602
304.60      3.2783
304.80      3.2966
305.00      3.3151
305.20      3.3337
305.40      3.3524
305.60      3.3713
305.80      3.3903
306.00      3.4095
306.20      3.4288
306.40      3.4482
306.60      3.4677
306.80      3.4873
307.00      3.5071
307.20      3.5269
307.40      3.5469
307.60      3.5669
307.80      3.5871
308.00      3.6074
308.20      3.6278
308.40      3.6484
308.60      3.6692
308.80      3.6902
309.00      3.7115
309.20      3.7329
309.40      3.7547
309.60      3.7767
309.80      3.7991
310.00      3.8217
310.20      3.8447
310.40      3.8679
310.60      3.8915
310.80      3.9154
311.00      3.9396
311.20      3.9641
311.40      3.9889
311.60      4.0139
311.80      4.0392
312.00      4.0646
312.20      4.0903
312.40      4.1162
312.60      4.1422
312.80      4.1684
313.00      4.1947
313.20      4.2212
313.40      4.2479
313.60      4.2747
313.80      4.3017
314.00      4.3288
314.20      4.3562
314.40      4.3837
314.60      4.4114
314.80      4.4394
315.00      4.4675
315.20      4.4959
315.40      4.5245
315.60      4.5534
315.80      4.5825
316.00       4.612
316.20      4.6417
316.40      4.6718
316.60      4.7022
316.80      4.7329
317.00       4.764
317.20      4.7955
317.40      4.8272
317.60      4.8594
317.80      4.8918
318.00      4.9246
318.20      4.9578
318.40      4.9913
318.60       5.025
318.80      5.0591
319.00      5.0936
319.20      5.1283
319.40      5.1633
319.60      5.1986
319.80      5.2342
320.00      5.2701
320.20      5.3063
320.40      5.3428
320.60      5.3795
320.80      5.4164
321.00      5.4536
321.20      5.4911
321.40      5.5287
321.60      5.5666
321.80      5.6047
322.00       5.643
322.20      5.6816
322.40      5.7203
322.60      5.7592
322.80      5.7984
323.00      5.8378
323.20      5.8774
323.40      5.9173
323.60      5.9575
323.80      5.9979
324.00      6.0386
324.20      6.0797
324.40       6.121
324.60      6.1627
324.80      6.2048
325.00      6.2473
325.20      6.2902
325.40      6.3335
325.60      6.3773
325.80      6.4215
326.00      6.4662
326.20      6.5113
326.40      6.5569
326.60      6.6031
326.80      6.6497
327.00      6.6968
327.20      6.7444
327.40      6.7926
327.60      6.8412
327.80      6.8903
328.00      6.9399
328.20        6.99
328.40      7.0406
328.60      7.0916
328.80       7.143
329.00      7.1949
329.20      7.2472
329.40      7.2999
329.60       7.353
329.80      7.4065
330.00      7.4603
330.20      7.5145
330.40      7.5689
330.60      7.6237
330.80      7.6787
331.00      7.7341
331.20      7.7897
331.40      7.8457
331.60      7.9019
331.80      7.9584
332.00      8.0153
332.20      8.0724
332.40      8.1299
332.60      8.1877
332.80      8.2459
333.00      8.3045
333.20      8.3634
333.40      8.4227
333.60      8.4825
333.80      8.5427
334.00      8.6033
334.20      8.6644
334.40       8.726
334.60      8.7881
334.80      8.8506
335.00      8.9136
335.20       8.977
335.40      9.0408
335.60      9.1051
335.80      9.1698
336.00      9.2348
336.20      9.3001
336.40      9.3658
336.60      9.4317
336.80      9.4978
337.00      9.5642
337.20      9.6307
337.40      9.6974
337.60      9.7642
337.80      9.8311
338.00      9.8982
338.20      9.9653
338.40      10.033
338.60        10.1
338.80      10.167
339.00      10.235
339.20      10.302
339.40       10.37
339.60      10.438
339.80      10.507
340.00      10.575
340.20      10.644
340.40      10.713
340.60      10.783
340.80      10.853
341.00      10.924
341.20      10.995
341.40      11.066
341.60      11.139
341.80      11.212
342.00      11.286
342.20       11.36
342.40      11.436
342.60      11.512
342.80      11.589
343.00      11.667
343.20      11.745
343.40      11.825
343.60      11.905
343.80      11.986
344.00      12.067
344.20      12.149
344.40      12.231
344.60      12.314
344.80      12.397
345.00       12.48
345.20      12.563
345.40      12.646
345.60      12.728
345.80       12.81
346.00      12.891
346.20      12.972
346.40      13.052
346.60      13.132
346.80       13.21
347.00      13.288
347.20      13.364
347.40       13.44
347.60      13.515
347.80      13.589
348.00      13.662
348.20      13.735
348.40      13.807
348.60      13.878
348.80      13.948
349.00      14.018
349.20      14.087
349.40      14.156
349.60      14.225
349.80      14.293
350.00       14.36
350.20      14.428
350.40      14.495
350.60      14.562
350.80      14.629
351.00      14.695
351.20      14.762
351.40      14.829
351.60      14.895
351.80      14.962
352.00      15.028
352.20      15.095
352.40      15.162
352.60      15.229
352.80      15.297
353.00      15.365
353.20      15.434
353.40      15.503
353.60      15.573
353.80      15.644
354.00      15.716
354.20       15.79
354.40      15.864
354.60       15.94
354.80      16.018
355.00      16.097
355.20      16.178
355.40      16.262
355.60      16.348
355.80      16.437
356.00      16.528
356.20      16.623
356.40      16.721
356.60      16.823
356.80      16.928
357.00      17.038
357.20      17.151
357.40       17.27
357.60      17.393
357.80      17.521
358.00      17.654
358.20      17.793
358.40      17.937
358.60      18.088
358.80      18.244
359.00      18.407
359.20      18.577
359.40      18.753
359.60      18.936
359.80      19.126
360.00      19.324
360.20      19.529
360.40      19.742
360.60      19.963
360.80      20.192
361.00       20.43
361.20      20.676
361.40      20.931
361.60      21.195
361.80      21.469
362.00      21.752
362.20      22.045
362.40      22.349
362.60      22.663
362.80      22.988
363.00      23.324
363.20      23.671
363.40       24.03
363.60      24.401
363.80      24.784
364.00      25.179
364.20      25.587
364.40      26.006
364.60      26.438
364.80      26.881
365.00      27.337
365.20      27.803
365.40      28.281
365.60      28.769
365.80      29.268
366.00      29.776
366.20      30.292
366.40      30.816
366.60      31.347
366.80      31.885
367.00      32.427
367.20      32.973
367.40      33.521
367.60      34.071
367.80      34.622
368.00      35.171
368.20      35.718
368.40      36.261
368.60        36.8
368.80      37.332
369.00      37.856
369.20      38.372
369.40      38.878
369.60      39.373
369.80      39.856
370.00      40.326
370.20      40.781
370.40      41.221
370.60      41.645
370.80      42.053
371.00      42.443
371.20      42.815
371.40      43.169
371.60      43.504
371.80       43.82
372.00      44.117
372.20      44.395
372.40      44.653
372.60      44.892
372.80      45.111
373.00      45.311
373.20      45.493
373.40      45.656
373.60        45.8
373.80      45.927
374.00      46.036
374.20      46.127
374.40      46.202
374.60      46.261
374.80      46.304
375.00      46.331
375.20      46.343
375.40      46.342
375.60      46.326
375.80      46.296
376.00      46.254
376.20        46.2
376.40      46.133
376.60      46.055
376.80      45.966
377.00      45.866
377.20      45.756
377.40      45.637
377.60      45.508
377.80      45.371
378.00      45.225
378.20      45.071
378.40       44.91
378.60      44.742
378.80      44.567
379.00      44.385
379.20      44.198
379.40      44.005
379.60      43.807
379.80      43.604
380.00      43.397
380.20      43.186
380.40       42.97
380.60      42.752
380.80       42.53
381.00      42.306
381.20      42.078
381.40      41.849
381.60      41.618
381.80      41.385
382.00       41.15
382.20      40.914
382.40      40.677
382.60      40.439
382.80      40.201
383.00      39.962
383.20      39.722
383.40      39.483
383.60      39.243
383.80      39.004
384.00      38.764
384.20      38.525
384.40      38.287
384.60      38.048
384.80      37.811
385.00      37.574
385.20      37.337
385.40      37.101
385.60      36.866
385.80      36.632
386.00      36.399
386.20      36.166
386.40      35.934
386.60      35.703
386.80      35.473
387.00      35.245
387.20      35.017
387.40       34.79
387.60      34.564
387.80      34.339
388.00      34.115
388.20      33.892
388.40       33.67
388.60      33.449
388.80      33.229
389.00      33.011
389.20      32.793
389.40      32.577
389.60      32.361
389.80      32.147
390.00      31.934
390.20      31.722
390.40      31.511
390.60      31.302
390.80      31.093
391.00      30.886
391.20      30.679
391.40      30.474
391.60       30.27
391.80      30.067
392.00      29.866
392.20      29.665
392.40      29.465
392.60      29.267
392.80       29.07
393.00      28.873
393.20      28.678
393.40      28.484
393.60      28.291
393.80        28.1
394.00      27.909
394.20       27.72
394.40      27.532
394.60      27.345
394.80       27.16
395.00      26.976
395.20      26.793
395.40      26.611
395.60      26.431
395.80      26.253
396.00      26.075
396.20      25.899
396.40      25.725
396.60      25.552
396.80       25.38
397.00       25.21
397.20      25.041
397.40      24.874
397.60      24.708
397.80      24.544
398.00      24.381
398.20      24.219
398.40      24.059
398.60        23.9
398.80      23.743
399.00      23.586
399.20      23.432
399.40      23.278
399.60      23.127
399.80      22.976
400.00      22.827
400.20      22.679
400.40      22.532
400.60      22.387
400.80      22.243
401.00      22.101
401.20      21.959
401.40      21.819
401.60      21.681
401.80      21.543
402.00      21.407
402.20      21.272
402.40      21.138
402.60      21.006
402.80      20.874
403.00      20.744
403.20      20.615
403.40      20.486
403.60      20.359
403.80      20.233
404.00      20.107
404.20      19.983
404.40      19.859
404.60      19.737
404.80      19.615
405.00      19.493
405.20      19.373
405.40      19.253
405.60      19.134
405.80      19.016
406.00      18.898
406.20      18.782
406.40      18.665
406.60       18.55
406.80      18.435
407.00      18.322
407.20      18.208
407.40      18.096
407.60      17.985
407.80      17.874
408.00      17.764
408.20      17.655
408.40      17.547
408.60       17.44
408.80      17.333
409.00      17.228
409.20      17.123
409.40       17.02
409.60      16.917
409.80      16.815
410.00      16.715
410.20      16.615
410.40      16.516
410.60      16.418
410.80      16.321
411.00      16.225
411.20       16.13
411.40      16.036
411.60      15.942
411.80      15.849
412.00      15.757
412.20      15.666
412.40      15.576
412.60      15.486
412.80      15.397
413.00      15.309
413.20      15.221
413.40      15.134
413.60      15.048
413.80      14.962
414.00      14.877
414.20      14.792
414.40      14.708
414.60      14.625
414.80      14.542
415.00       14.46
415.20      14.378
415.40      14.298
415.60      14.217
415.80      14.138
416.00      14.058
416.20       13.98
416.40      13.902
416.60      13.825
416.80      13.748
417.00      13.673
417.20      13.597
417.40      13.523
417.60      13.449
417.80      13.376
418.00      13.303
418.20      13.231
418.40       13.16
418.60      13.089
418.80       13.02
419.00       12.95
419.20      12.882
419.40      12.814
419.60      12.746
419.80      12.679
420.00      12.613
420.20      12.548
420.40      12.483
420.60      12.418
420.80      12.354
421.00      12.291
421.20      12.228
421.40      12.166
421.60      12.104
421.80      12.043
422.00      11.983
422.20      11.923
422.40      11.863
422.60      11.804
422.80      11.746
423.00      11.688
423.20      11.631
423.40      11.574
423.60      11.518
423.80      11.462
424.00      11.407
424.20      11.352
424.40      11.297
424.60      11.244
424.80       11.19
425.00      11.137
425.20      11.085
425.40      11.032
425.60      10.981
425.80      10.929
426.00      10.878
426.20      10.827
426.40      10.777
426.60      10.726
426.80      10.676
427.00      10.627
427.20      10.577
427.40      10.528
427.60      10.479
427.80       10.43
428.00      10.382
428.20      10.333
428.40      10.285
428.60      10.238
428.80       10.19
429.00      10.143
429.20      10.096
429.40      10.049
429.60      10.003
429.80      9.9566
430.00      9.9107
430.20      9.8651
430.40      9.8199
430.60      9.7749
430.80      9.7303
431.00       9.686
431.20      9.6421
431.40      9.5985
431.60      9.5553
431.80      9.5124
432.00        9.47
432.20      9.4279
432.40      9.3862
432.60      9.3449
432.80      9.3039
433.00      9.2634
433.20      9.2233
433.40      9.1836
433.60      9.1443
433.80      9.1054
434.00      9.0668
434.20      9.0286
434.40      8.9907
434.60      8.9532
434.80      8.9161
435.00      8.8792
435.20      8.8427
435.40      8.8065
435.60      8.7705
435.80      8.7349
436.00      8.6995
436.20      8.6643
436.40      8.6293
436.60      8.5946
436.80        8.56
437.00      8.5256
437.20      8.4914
437.40      8.4574
437.60      8.4235
437.80      8.3899
438.00      8.3563
438.20       8.323
438.40      8.2899
438.60      8.2569
438.80      8.2242
439.00      8.1917
439.20      8.1594
439.40      8.1273
439.60      8.0954
439.80      8.0637
440.00      8.0323
440.20      8.0012
440.40      7.9702
440.60      7.9394
440.80      7.9089
441.00      7.8786
441.20      7.8485
441.40      7.8185
441.60      7.7888
441.80      7.7593
442.00      7.7299
442.20      7.7008
442.40      7.6719
442.60      7.6431
442.80      7.6146
443.00      7.5863
443.20      7.5581
443.40      7.5302
443.60      7.5024
443.80      7.4748
444.00      7.4474
444.20      7.4201
444.40       7.393
444.60      7.3661
444.80      7.3394
445.00      7.3128
445.20      7.2864
445.40      7.2602
445.60      7.2342
445.80      7.2084
446.00      7.1828
446.20      7.1573
446.40      7.1321
446.60       7.107
446.80      7.0822
447.00      7.0575
447.20       7.033
447.40      7.0088
447.60      6.9847
447.80      6.9608
448.00      6.9371
448.20      6.9136
448.40      6.8903
448.60      6.8671
448.80      6.8441
449.00      6.8213
449.20      6.7987
449.40      6.7762
449.60      6.7539
449.80      6.7317
450.00      6.7097
450.20      6.6878
450.40       6.666
450.60      6.6443
450.80      6.6227
451.00      6.6013
451.20      6.5799
451.40      6.5586
451.60      6.5374
451.80      6.5163
452.00      6.4952
452.20      6.4742
452.40      6.4532
452.60      6.4324
452.80      6.4116
453.00      6.3908
453.20      6.3702
453.40      6.3497
453.60      6.3294
453.80      6.3091
454.00       6.289
454.20      6.2691
454.40      6.2493
454.60      6.2297
454.80      6.2104
455.00      6.1912
455.20      6.1722
455.40      6.1535
455.60       6.135
455.80      6.1168
456.00      6.0988
456.20      6.0811
456.40      6.0636
456.60      6.0463
456.80      6.0293
457.00      6.0125
457.20       5.996
457.40      5.9796
457.60      5.9633
457.80      5.9473
458.00      5.9314
458.20      5.9156
458.40         5.9
458.60      5.8844
458.80       5.869
459.00      5.8536
459.20      5.8384
459.40      5.8232
459.60      5.8082
459.80      5.7932
460.00      5.7782
460.20      5.7633
460.40      5.7485
460.60      5.7337
460.80       5.719
461.00      5.7043
461.20      5.6895
461.40      5.6748
461.60      5.6601
461.80      5.6453
462.00      5.6306
462.20      5.6158
462.40       5.601
462.60      5.5863
462.80      5.5715
463.00      5.5568
463.20      5.5421
463.40      5.5274
463.60      5.5128
463.80      5.4983
464.00      5.4838
464.20      5.4694
464.40      5.4551
464.60      5.4409
464.80      5.4268
465.00      5.4128
465.20      5.3989
465.40      5.3851
465.60      5.3714
465.80      5.3579
466.00      5.3444
466.20      5.3311
466.40      5.3179
466.60      5.3047
466.80      5.2917
467.00      5.2787
467.20      5.2659
467.40       5.253
467.60      5.2403
467.80      5.2276
468.00      5.2149
468.20      5.2022
468.40      5.1896
468.60      5.1771
468.80      5.1645
469.00       5.152
469.20      5.1395
469.40      5.1271
469.60      5.1147
469.80      5.1023
470.00        5.09
470.20      5.0778
470.40      5.0657
470.60      5.0536
470.80      5.0417
471.00      5.0298
471.20      5.0181
471.40      5.0066
471.60      4.9952
471.80      4.9839
472.00      4.9729
472.20      4.9619
472.40      4.9512
472.60      4.9405
472.80        4.93
473.00      4.9197
473.20      4.9094
473.40      4.8993
473.60      4.8893
473.80      4.8793
474.00      4.8695
474.20      4.8597
474.40        4.85
474.60      4.8404
474.80      4.8308
475.00      4.8213
475.20      4.8119
475.40      4.8024
475.60      4.7931
475.80      4.7837
476.00      4.7743
476.20      4.7649
476.40      4.7555
476.60      4.7461
476.80      4.7366
477.00      4.7271
477.20      4.7175
477.40      4.7079
477.60      4.6982
477.80      4.6886
478.00       4.679
478.20      4.6693
478.40      4.6597
478.60      4.6502
478.80      4.6407
479.00      4.6313
479.20      4.6219
479.40      4.6127
479.60      4.6036
479.80      4.5946
480.00      4.5858
480.20      4.5771
480.40      4.5685
480.60        4.56
480.80      4.5517
481.00      4.5435
481.20      4.5354
481.40      4.5274
481.60      4.5195
481.80      4.5118
482.00      4.5042
482.20      4.4966
482.40      4.4893
482.60       4.482
482.80      4.4748
483.00      4.4678
483.20      4.4608
483.40       4.454
483.60      4.4473
483.80      4.4406
484.00      4.4341
484.20      4.4275
484.40       4.421
484.60      4.4146
484.80      4.4081
485.00      4.4016
485.20       4.395
485.40      4.3884
485.60      4.3817
485.80      4.3749
486.00      4.3679
486.20      4.3608
486.40      4.3536
486.60      4.3463
486.80      4.3388
487.00      4.3313
487.20      4.3236
487.40      4.3158
487.60      4.3079
487.80         4.3
488.00       4.292
488.20       4.284
488.40      4.2759
488.60      4.2679
488.80      4.2599
489.00      4.2519
489.20       4.244
489.40      4.2361
489.60      4.2284
489.80      4.2207
490.00      4.2132
490.20      4.2058
490.40      4.1985
490.60      4.1913
490.80      4.1843
491.00      4.1774
491.20      4.1706
491.40      4.1639
491.60      4.1574
491.80      4.1509
492.00      4.1445
492.20      4.1381
492.40      4.1318
492.60      4.1255
492.80      4.1192
493.00       4.113
493.20      4.1066
493.40      4.1003
493.60      4.0939
493.80      4.0874
494.00      4.0809
494.20      4.0743
494.40      4.0676
494.60      4.0609
494.80       4.054
495.00      4.0471
495.20      4.0402
495.40      4.0331
495.60       4.026
495.80      4.0189
496.00      4.0118
496.20      4.0046
496.40      3.9975
496.60      3.9903
496.80      3.9832
497.00       3.976
497.20      3.9689
497.40      3.9618
497.60      3.9548
497.80      3.9477
498.00      3.9407
498.20      3.9337
498.40      3.9267
498.60      3.9196
498.80      3.9126
499.00      3.9056
499.20      3.8985
499.40      3.8914
499.60      3.8843
499.80      3.8772
500.00        3.87
500.20      3.8628
500.40      3.8556
500.60      3.8483
500.80      3.8409
501.00      3.8335
501.20       3.826
501.40      3.8185
501.60      3.8109
501.80      3.8032
502.00      3.7955
502.20      3.7877
502.40      3.7798
502.60      3.7719
502.80      3.7639
503.00      3.7558
503.20      3.7477
503.40      3.7395
503.60      3.7312
503.80      3.7229
504.00      3.7145
504.20      3.7061
504.40      3.6976
504.60      3.6891
504.80      3.6805
505.00      3.6719
505.20      3.6633
505.40      3.6547
505.60      3.6461
505.80      3.6375
506.00       3.629
506.20      3.6204
506.40      3.6119
506.60      3.6034
506.80       3.595
507.00      3.5867
507.20      3.5784
507.40      3.5701
507.60      3.5618
507.80      3.5536
508.00      3.5455
508.20      3.5373
508.40      3.5291
508.60      3.5209
508.80      3.5128
509.00      3.5046
509.20      3.4963
509.40      3.4881
509.60      3.4799
509.80      3.4716
510.00      3.4633
510.20       3.455
510.40      3.4467
510.60      3.4384
510.80        3.43
511.00      3.4216
511.20      3.4132
511.40      3.4048
511.60      3.3963
511.80      3.3878
512.00      3.3793
512.20      3.3706
512.40      3.3619
512.60      3.3532
512.80      3.3443
513.00      3.3354
513.20      3.3264
513.40      3.3173
513.60       3.308
513.80      3.2986
514.00      3.2891
514.20      3.2795
514.40      3.2698
514.60      3.2599
514.80      3.2499
515.00      3.2398
515.20      3.2296
515.40      3.2193
515.60      3.2088
515.80      3.1982
516.00      3.1876
516.20      3.1768
516.40      3.1659
516.60       3.155
516.80       3.144
517.00      3.1329
517.20      3.1218
517.40      3.1107
517.60      3.0996
517.80      3.0885
518.00      3.0774
518.20      3.0664
518.40      3.0554
518.60      3.0444
518.80      3.0335
519.00      3.0228
519.20      3.0121
519.40      3.0015
519.60       2.991
519.80      2.9806
520.00      2.9703
520.20        2.96
520.40      2.9499
520.60      2.9399
520.80      2.9299
521.00      2.9201
521.20      2.9103
521.40      2.9006
521.60      2.8909
521.80      2.8814
522.00      2.8719
522.20      2.8624
522.40      2.8531
522.60      2.8437
522.80      2.8345
523.00      2.8252
523.20      2.8159
523.40      2.8066
523.60      2.7972
523.80      2.7878
524.00      2.7783
524.20      2.7687
524.40       2.759
524.60      2.7492
524.80      2.7392
525.00      2.7291
525.20      2.7188
525.40      2.7084
525.60      2.6979
525.80      2.6871
526.00      2.6762
526.20      2.6652
526.40      2.6539
526.60      2.6426
526.80      2.6311
527.00      2.6194
527.20      2.6077
527.40      2.5958
527.60      2.5839
527.80      2.5719
528.00      2.5598
528.20      2.5478
528.40      2.5356
528.60      2.5235
528.80      2.5114
529.00      2.4993
529.20      2.4872
529.40      2.4751
529.60       2.463
529.80      2.4509
530.00      2.4389
530.20      2.4269
530.40       2.415
530.60       2.403
530.80      2.3912
531.00      2.3793
531.20      2.3675
531.40      2.3558
531.60      2.3441
531.80      2.3325
532.00       2.321
532.20      2.3096
532.40      2.2982
532.60       2.287
532.80      2.2759
533.00      2.2648
533.20      2.2539
533.40      2.2431
533.60      2.2324
533.80      2.2218
534.00      2.2113
534.20      2.2009
534.40      2.1905
534.60      2.1802
534.80      2.1699
535.00      2.1597
535.20      2.1494
535.40      2.1391
535.60      2.1288
535.80      2.1185
536.00      2.1081
536.20      2.0976
536.40      2.0871
536.60      2.0765
536.80      2.0658
537.00       2.055
537.20      2.0441
537.40      2.0331
537.60      2.0221
537.80       2.011
538.00      1.9999
538.20      1.9887
538.40      1.9774
538.60       1.966
538.80      1.9545
539.00       1.943
539.20      1.9315
539.40      1.9199
539.60      1.9083
539.80      1.8967
540.00      1.8852
540.20      1.8736
540.40      1.8622
540.60      1.8508
540.80      1.8396
541.00      1.8285
541.20      1.8175
541.40      1.8068
541.60      1.7962
541.80      1.7859
542.00      1.7758
542.20      1.7659
542.40      1.7563
542.60       1.747
542.80      1.7378
543.00      1.7289
543.20      1.7202
543.40      1.7117
543.60      1.7033
543.80      1.6952
544.00      1.6873
544.20      1.6795
544.40      1.6719
544.60      1.6644
544.80      1.6571
545.00      1.6498
545.20      1.6427
545.40      1.6356
545.60      1.6286
545.80      1.6216
546.00      1.6146
546.20      1.6077
546.40      1.6008
546.60      1.5938
546.80      1.5869
547.00      1.5799
547.20       1.573
547.40       1.566
547.60      1.5591
547.80      1.5521
548.00      1.5452
548.20      1.5382
548.40      1.5313
548.60      1.5244
548.80      1.5175
549.00      1.5106
549.20      1.5038
549.40       1.497
549.60      1.4902
549.80      1.4835
550.00      1.4769
550.20      1.4703
550.40      1.4637
550.60      1.4572
550.80      1.4508
551.00      1.4444
551.20       1.438
551.40      1.4318
551.60      1.4255
551.80      1.4194
552.00      1.4133
552.20      1.4072
552.40      1.4012
552.60      1.3952
552.80      1.3894
553.00      1.3835
553.20      1.3778
553.40      1.3721
553.60      1.3665
553.80       1.361
554.00      1.3555
554.20      1.3502
554.40      1.3449
554.60      1.3398
554.80      1.3347
555.00      1.3297
555.20      1.3248
555.40      1.3199
555.60      1.3151
555.80      1.3103
556.00      1.3056
556.20       1.301
556.40      1.2964
556.60      1.2919
556.80      1.2875
557.00      1.2831
557.20      1.2788
557.40      1.2746
557.60      1.2705
557.80      1.2665
558.00      1.2626
558.20      1.2589
558.40      1.2552
558.60      1.2516
558.80      1.2481
559.00      1.2447
559.20      1.2415
559.40      1.2383
559.60      1.2352
559.80      1.2322
560.00      1.2292
560.20      1.2263
560.40      1.2235
560.60      1.2206
560.80      1.2178
561.00       1.215
561.20      1.2122
561.40      1.2094
561.60      1.2066
561.80      1.2037
562.00      1.2008
562.20      1.1979
562.40      1.1949
562.60       1.192
562.80       1.189
563.00       1.186
563.20      1.1829
563.40        1.18
563.60       1.177
563.80       1.174
564.00      1.1711
564.20      1.1682
564.40      1.1654
564.60      1.1626
564.80        1.16
565.00      1.1574
565.20      1.1548
565.40      1.1524
565.60      1.1501
565.80       1.148
566.00      1.1459
566.20       1.144
566.40      1.1422
566.60      1.1406
566.80      1.1391
567.00      1.1377
567.20      1.1364
567.40      1.1353
567.60      1.1342
567.80      1.1333
568.00      1.1325
568.20      1.1318
568.40      1.1311
568.60      1.1305
568.80        1.13
569.00      1.1295
569.20      1.1291
569.40      1.1286
569.60      1.1281
569.80      1.1275
570.00       1.127
570.20      1.1264
570.40      1.1257
570.60      1.1249
570.80      1.1241
571.00      1.1233
571.20      1.1223
571.40      1.1214
571.60      1.1204
571.80      1.1194
572.00      1.1184
572.20      1.1174
572.40      1.1163
572.60      1.1153
572.80      1.1143
573.00      1.1133
573.20      1.1123
573.40      1.1113
573.60      1.1104
573.80      1.1095
574.00      1.1086
574.20      1.1077
574.40      1.1068
574.60       1.106
574.80      1.1052
575.00      1.1043
575.20      1.1036
575.40      1.1028
575.60      1.1022
575.80      1.1016
576.00      1.1011
576.20      1.1008
576.40      1.1005
576.60      1.1003
576.80      1.1003
577.00      1.1003
577.20      1.1005
577.40      1.1009
577.60      1.1013
577.80      1.1019
578.00      1.1027
578.20      1.1036
578.40      1.1046
578.60      1.1057
578.80       1.107
579.00      1.1084
579.20      1.1099
579.40      1.1114
579.60       1.113
579.80      1.1147
580.00      1.1164
580.20      1.1181
580.40      1.1198
580.60      1.1216
580.80      1.1232
581.00      1.1248
581.20      1.1264
581.40      1.1279
581.60      1.1292
581.80      1.1305
582.00      1.1317
582.20      1.1327
582.40      1.1336
582.60      1.1343
582.80      1.1349
583.00      1.1354
583.20      1.1357
583.40      1.1358
583.60      1.1359
583.80      1.1358
584.00      1.1356
584.20      1.1353
584.40      1.1351
584.60      1.1348
584.80      1.1345
585.00      1.1343
585.20      1.1341
585.40      1.1341
585.60      1.1341
585.80      1.1343
586.00      1.1345
586.20      1.1349
586.40      1.1353
586.60      1.1358
586.80      1.1365
587.00      1.1371
587.20      1.1378
587.40      1.1386
587.60      1.1393
587.80      1.1401
588.00      1.1408
588.20      1.1415
588.40      1.1421
588.60      1.1427
588.80      1.1433
589.00      1.1437
589.20      1.1441
589.40      1.1443
589.60      1.1444
589.80      1.1444
590.00      1.1443
590.20       1.144
590.40      1.1436
590.60      1.1431
590.80      1.1426
591.00       1.142
591.20      1.1413
591.40      1.1406
591.60      1.1399
591.80      1.1391
592.00      1.1383
592.20      1.1375
592.40      1.1367
592.60      1.1359
592.80      1.1351
593.00      1.1344
593.20      1.1336
593.40       1.133
593.60      1.1324
593.80      1.1319
594.00      1.1315
594.20      1.1311
594.40      1.1308
594.60      1.1305
594.80      1.1303
595.00      1.1301
595.20        1.13
595.40      1.1299
595.60      1.1299
595.80      1.1299
596.00      1.1299
596.20      1.1299
596.40      1.1299
596.60      1.1299
596.80      1.1299
597.00      1.1299
597.20      1.1299
597.40      1.1299
597.60      1.1298
597.80      1.1297
598.00      1.1296
598.20      1.1294
598.40      1.1292
598.60       1.129
598.80      1.1287
599.00      1.1283
599.20      1.1279
599.40      1.1275
599.60       1.127
599.80      1.1265
600.00      1.1259
600.20      1.1253
600.40      1.1248
600.60      1.1242
600.80      1.1236
601.00      1.1231
601.20      1.1226
601.40      1.1221
601.60      1.1216
601.80      1.1211
602.00      1.1206
602.20      1.1201
602.40      1.1195
602.60      1.1189
602.80      1.1182
603.00      1.1175
603.20      1.1166
603.40      1.1157
603.60      1.1147
603.80      1.1136
604.00      1.1124
604.20      1.1112
604.40      1.1099
604.60      1.1085
604.80      1.1071
605.00      1.1057
605.20      1.1043
605.40      1.1028
605.60      1.1014
605.80      1.0999
606.00      1.0984
606.20       1.097
606.40      1.0955
606.60       1.094
606.80      1.0926
607.00      1.0911
607.20      1.0896
607.40      1.0881
607.60      1.0866
607.80       1.085
608.00      1.0834
608.20      1.0818
608.40      1.0801
608.60      1.0784
608.80      1.0766
609.00      1.0748
609.20      1.0729
609.40       1.071
609.60      1.0691
609.80      1.0671
610.00      1.0651
610.20      1.0631
610.40      1.0611
610.60       1.059
610.80       1.057
611.00       1.055
611.20       1.053
611.40       1.051
611.60      1.0491
611.80      1.0472
612.00      1.0453
612.20      1.0435
612.40      1.0417
612.60        1.04
612.80      1.0383
613.00      1.0366
613.20       1.035
613.40      1.0334
613.60      1.0319
613.80      1.0303
614.00      1.0288
614.20      1.0273
614.40      1.0257
614.60      1.0242
614.80      1.0226
615.00       1.021
615.20      1.0194
615.40      1.0178
615.60      1.0161
615.80      1.0143
616.00      1.0125
616.20      1.0107
616.40      1.0088
616.60      1.0068
616.80      1.0048
617.00      1.0027
617.20      1.0006
617.40      0.9985
617.60     0.99635
617.80     0.99418
618.00     0.99201
618.20     0.98984
618.40     0.98768
618.60     0.98553
618.80      0.9834
619.00     0.98129
619.20      0.9792
619.40     0.97713
619.60     0.97508
619.80     0.97304
620.00     0.97102
620.20       0.969
620.40     0.96698
620.60     0.96496
620.80     0.96292
621.00     0.96087
621.20     0.95881
621.40     0.95673
621.60     0.95463
621.80     0.95252
622.00     0.95041
622.20     0.94828
622.40     0.94616
622.60     0.94404
622.80     0.94194
623.00     0.93986
623.20      0.9378
623.40     0.93578
623.60     0.93379
623.80     0.93184
624.00     0.92994
624.20      0.9281
624.40     0.92633
624.60     0.92462
624.80     0.92298
625.00     0.92143
625.20     0.91997
625.40     0.91859
625.60     0.91731
625.80     0.91611
626.00     0.91501
626.20     0.91402
626.40     0.91314
626.60     0.91237
626.80      0.9117
627.00     0.91114
627.20     0.91067
627.40     0.91028
627.60     0.90998
627.80     0.90975
628.00     0.90957
628.20     0.90945
628.40     0.90937
628.60     0.90933
628.80     0.90931
629.00     0.90932
629.20     0.90934
629.40     0.90937
629.60     0.90941
629.80     0.90945
630.00     0.90949
630.20     0.90953
630.40     0.90956
630.60     0.90958
630.80     0.90959
631.00      0.9096
631.20     0.90959
631.40     0.90957
631.60     0.90954
631.80      0.9095
632.00     0.90946
632.20     0.90941
632.40     0.90935
632.60     0.90929
632.80     0.90923
633.00     0.90918
633.20     0.90914
633.40     0.90912
633.60     0.90912
633.80     0.90916
634.00     0.90923
634.20     0.90935
634.40     0.90953
634.60     0.90978
634.80     0.91011
635.00     0.91054
635.20     0.91106
635.40      0.9117
635.60     0.91246
635.80     0.91336
636.00     0.91439
636.20     0.91556
636.40     0.91686
636.60     0.91829
636.80     0.91985
637.00     0.92153
637.20     0.92333
637.40     0.92524
637.60     0.92725
637.80     0.92936
638.00     0.93155
638.20     0.93382
638.40     0.93615
638.60     0.93852
638.80     0.94094
639.00     0.94337
639.20     0.94583
639.40     0.94829
639.60     0.95074
639.80     0.95317
640.00     0.95558
640.20     0.95795
640.40     0.96028
640.60     0.96257
640.80     0.96479
641.00     0.96696
641.20     0.96905
641.40     0.97109
641.60     0.97305
641.80     0.97495
642.00     0.97678
642.20     0.97855
642.40     0.98025
642.60      0.9819
642.80      0.9835
643.00     0.98505
643.20     0.98656
643.40     0.98803
643.60     0.98947
643.80     0.99089
644.00     0.99231
644.20     0.99373
644.40     0.99517
644.60     0.99662
644.80      0.9981
645.00     0.99962
645.20      1.0012
645.40      1.0028
645.60      1.0046
645.80      1.0064
646.00      1.0083
646.20      1.0104
646.40      1.0125
646.60      1.0147
646.80      1.0171
647.00      1.0195
647.20      1.0221
647.40      1.0247
647.60      1.0274
647.80      1.0302
648.00      1.0331
648.20      1.0361
648.40      1.0391
648.60      1.0422
648.80      1.0453
649.00      1.0484
649.20      1.0516
649.40      1.0548
649.60      1.0581
649.80      1.0614
650.00      1.0647
650.20      1.0681
650.40      1.0715
650.60       1.075
650.80      1.0785
651.00      1.0821
651.20      1.0856
651.40      1.0892
651.60      1.0928
651.80      1.0965
652.00         1.1
652.20      1.1036
652.40      1.1071
652.60      1.1106
652.80       1.114
653.00      1.1174
653.20      1.1206
653.40      1.1237
653.60      1.1268
653.80      1.1296
654.00      1.1324
654.20      1.1349
654.40      1.1373
654.60      1.1394
654.80      1.1414
655.00      1.1431
655.20      1.1447
655.40      1.1459
655.60       1.147
655.80      1.1478
656.00      1.1485
656.20      1.1489
656.40      1.1491
656.60      1.1492
656.80      1.1491
657.00      1.1489
657.20      1.1485
657.40      1.1481
657.60      1.1475
657.80      1.1469
658.00      1.1462
658.20      1.1455
658.40      1.1449
658.60      1.1442
658.80      1.1437
659.00      1.1432
659.20      1.1427
659.40      1.1424
659.60      1.1422
659.80       1.142
660.00       1.142
660.20      1.1421
660.40      1.1423
660.60      1.1426
660.80       1.143
661.00      1.1434
661.20      1.1439
661.40      1.1445
661.60      1.1451
661.80      1.1457
662.00      1.1464
662.20       1.147
662.40      1.1475
662.60       1.148
662.80      1.1485
663.00      1.1489
663.20      1.1492
663.40      1.1495
663.60      1.1498
663.80      1.1499
664.00      1.1501
664.20      1.1501
664.40      1.1501
664.60      1.1501
664.80      1.1499
665.00      1.1498
665.20      1.1495
665.40      1.1493
665.60      1.1489
665.80      1.1485
666.00      1.1481
666.20      1.1476
666.40       1.147
666.60      1.1464
666.80      1.1458
667.00      1.1452
667.20      1.1446
667.40      1.1441
667.60      1.1435
667.80       1.143
668.00      1.1425
668.20      1.1421
668.40      1.1417
668.60      1.1413
668.80       1.141
669.00      1.1407
669.20      1.1403
669.40        1.14
669.60      1.1396
669.80      1.1392
670.00      1.1388
670.20      1.1383
670.40      1.1377
670.60      1.1371
670.80      1.1364
671.00      1.1356
671.20      1.1348
671.40      1.1339
671.60       1.133
671.80       1.132
672.00      1.1309
672.20      1.1299
672.40      1.1289
672.60      1.1279
672.80      1.1269
673.00       1.126
673.20      1.1251
673.40      1.1243
673.60      1.1235
673.80      1.1229
674.00      1.1223
674.20      1.1218
674.40      1.1214
674.60       1.121
674.80      1.1207
675.00      1.1204
675.20      1.1202
675.40        1.12
675.60      1.1198
675.80      1.1196
676.00      1.1193
676.20      1.1191
676.40      1.1188
676.60      1.1185
676.80      1.1181
677.00      1.1177
677.20      1.1172
677.40      1.1166
677.60       1.116
677.80      1.1153
678.00      1.1146
678.20      1.1138
678.40       1.113
678.60      1.1122
678.80      1.1113
679.00      1.1104
679.20      1.1095
679.40      1.1085
679.60      1.1075
679.80      1.1065
680.00      1.1054
680.20      1.1043
680.40      1.1032
680.60      1.1021
680.80      1.1009
681.00      1.0997
681.20      1.0986
681.40      1.0974
681.60      1.0962
681.80       1.095
682.00      1.0937
682.20      1.0925
682.40      1.0914
682.60      1.0902
682.80      1.0891
683.00       1.088
683.20      1.0869
683.40      1.0859
683.60       1.085
683.80      1.0841
684.00      1.0833
684.20      1.0826
684.40       1.082
684.60      1.0815
684.80      1.0811
685.00      1.0808
685.20      1.0805
685.40      1.0803
685.60      1.0802
685.80      1.0802
686.00      1.0802
686.20      1.0802
686.40      1.0803
686.60      1.0805
686.80      1.0806
687.00      1.0808
687.20       1.081
687.40      1.0812
687.60      1.0814
687.80      1.0815
688.00      1.0817
688.20      1.0817
688.40      1.0818
688.60      1.0817
688.80      1.0815
689.00      1.0812
689.20      1.0808
689.40      1.0803
689.60      1.0797
689.80       1.079
690.00      1.0782
690.20      1.0773
690.40      1.0763
690.60      1.0753
690.80      1.0742
691.00      1.0731
691.20      1.0719
691.40      1.0707
691.60      1.0695
691.80      1.0683
692.00      1.0672
692.20       1.066
692.40       1.065
692.60      1.0639
692.80      1.0629
693.00       1.062
693.20      1.0611
693.40      1.0602
693.60      1.0594
693.80      1.0586
694.00      1.0578
694.20       1.057
694.40      1.0563
694.60      1.0555
694.80      1.0548
695.00      1.0541
695.20      1.0534
695.40      1.0528
695.60      1.0522
695.80      1.0517
696.00      1.0513
696.20      1.0509
696.40      1.0505
696.60      1.0502
696.80        1.05
697.00      1.0498
697.20      1.0496
697.40      1.0495
697.60      1.0494
697.80      1.0494
698.00      1.0494
698.20      1.0494
698.40      1.0494
698.60      1.0495
698.80      1.0496
699.00      1.0497
699.20      1.0498
699.40        1.05
699.60      1.0502
699.80      1.0505
700.00      1.0508
700.20      1.0511
700.40      1.0515
700.60      1.0519
700.80      1.0524
701.00      1.0529
701.20      1.0534
701.40      1.0539
701.60      1.0544
701.80      1.0549
702.00      1.0554
702.20      1.0559
702.40      1.0562
702.60      1.0565
702.80      1.0566
703.00      1.0566
703.20      1.0565
703.40      1.0563
703.60      1.0559
703.80      1.0554
704.00      1.0548
704.20      1.0541
704.40      1.0533
704.60      1.0524
704.80      1.0514
705.00      1.0503
705.20      1.0491
705.40      1.0478
705.60      1.0464
705.80      1.0449
706.00      1.0433
706.20      1.0416
706.40      1.0398
706.60      1.0379
706.80      1.0359
707.00      1.0339
707.20      1.0318
707.40      1.0296
707.60      1.0274
707.80      1.0251
708.00      1.0228
708.20      1.0204
708.40       1.018
708.60      1.0156
708.80      1.0131
709.00      1.0105
709.20       1.008
709.40      1.0054
709.60      1.0027
709.80      1.0001
710.00     0.99743
710.20     0.99476
710.40     0.99209
710.60     0.98942
710.80     0.98675
711.00     0.98409
711.20     0.98143
711.40     0.97879
711.60     0.97617
711.80     0.97355
712.00     0.97095
712.20     0.96837
712.40     0.96581
712.60     0.96327
712.80     0.96076
713.00     0.95827
713.20     0.95582
713.40      0.9534
713.60     0.95102
713.80      0.9487
714.00     0.94642
714.20      0.9442
714.40     0.94204
714.60     0.93996
714.80     0.93794
715.00     0.93599
715.20     0.93413
715.40     0.93235
715.60     0.93065
715.80     0.92905
716.00     0.92754
716.20     0.92613
716.40     0.92481
716.60     0.92359
716.80     0.92246
717.00     0.92142
717.20     0.92044
717.40     0.91951
717.60     0.91863
717.80     0.91777
718.00     0.91692
718.20     0.91609
718.40     0.91524
718.60      0.9144
718.80     0.91354
719.00     0.91269
719.20     0.91185
719.40     0.91101
719.60     0.91017
719.80     0.90934
720.00     0.90852
