 0.20     0.99127
 0.40     0.99021
 0.60     0.98916
 0.80      0.9881
 1.00     0.98704
 1.20     0.98597
 1.40     0.98491
 1.60     0.98386
 1.80     0.98282
 2.00     0.98179
 2.20     0.98078
 2.40     0.97976
 2.60     0.97875
 2.80     0.97773
 3.00      0.9767
 3.20     0.97566
 3.40      0.9746
 3.60     0.97354
 3.80     0.97247
 4.00     0.97139
 4.20      0.9703
 4.40     0.96918
 4.60     0.96805
 4.80     0.96687
 5.00     0.96566
 5.20     0.96442
 5.40     0.96314
 5.60     0.96182
 5.80     0.96046
 6.00     0.95906
 6.20     0.95761
 6.40     0.95609
 6.60     0.95452
 6.80     0.95289
 7.00     0.95121
 7.20     0.94947
 7.40     0.94769
 7.60     0.94586
 7.80       0.944
 8.00      0.9421
 8.20     0.94018
 8.40     0.93823
 8.60     0.93626
 8.80     0.93429
 9.00      0.9323
 9.20     0.93031
 9.40     0.92832
 9.60     0.92633
 9.80     0.92434
10.00     0.92237
10.20     0.92041
10.40     0.91846
10.60     0.91653
10.80     0.91461
11.00     0.91271
11.20     0.91083
11.40     0.90897
11.60     0.90712
11.80     0.90528
12.00     0.90345
12.20     0.90163
12.40     0.89981
12.60     0.89798
12.80     0.89613
13.00     0.89425
13.20     0.89234
13.40     0.89039
13.60     0.88842
13.80     0.88642
14.00     0.88439
14.20     0.88233
14.40     0.88026
14.60     0.87818
14.80      0.8761
15.00     0.87403
15.20     0.87198
15.40     0.86996
15.60     0.86798
15.80     0.86604
16.00     0.86416
16.20     0.86234
16.40     0.86057
16.60     0.85886
16.80     0.85719
17.00     0.85558
17.20     0.85401
17.40     0.85249
17.60     0.85103
17.80     0.84961
18.00     0.84824
18.20     0.84692
18.40     0.84564
18.60     0.84441
18.80     0.84323
19.00      0.8421
19.20     0.84103
19.40     0.84001
19.60     0.83903
19.80      0.8381
20.00      0.8372
20.20     0.83634
20.40     0.83552
20.60     0.83475
20.80     0.83403
21.00     0.83336
21.20     0.83275
21.40      0.8322
21.60     0.83171
21.80     0.83125
22.00     0.83083
22.20     0.83043
22.40     0.83005
22.60     0.82966
22.80     0.82927
23.00     0.82885
23.20      0.8284
23.40     0.82791
23.60     0.82737
23.80     0.82677
24.00     0.82611
24.20      0.8254
24.40     0.82463
24.60     0.82381
24.80     0.82296
25.00     0.82208
25.20     0.82119
25.40     0.82029
25.60     0.81938
25.80     0.81847
26.00     0.81755
26.20     0.81665
26.40     0.81575
26.60     0.81489
26.80     0.81405
27.00     0.81324
27.20     0.81246
27.40     0.81171
27.60     0.81097
27.80     0.81023
28.00     0.80948
28.20     0.80871
28.40     0.80791
28.60     0.80706
28.80     0.80617
29.00     0.80523
29.20     0.80422
29.40     0.80317
29.60     0.80208
29.80     0.80096
30.00     0.79982
30.20     0.79869
30.40     0.79757
30.60     0.79648
30.80     0.79544
31.00     0.79446
31.20     0.79356
31.40     0.79276
31.60     0.79205
31.80     0.79145
32.00     0.79095
32.20     0.79057
32.40     0.79028
32.60     0.79011
32.80     0.79004
33.00     0.79008
33.20     0.79022
33.40     0.79046
33.60      0.7908
33.80     0.79125
34.00     0.79179
34.20     0.79242
34.40     0.79314
34.60     0.79394
34.80      0.7948
35.00     0.79572
35.20     0.79667
35.40     0.79764
35.60     0.79862
35.80     0.79959
36.00     0.80055
36.20     0.80148
36.40     0.80238
36.60     0.80325
36.80     0.80406
37.00      0.8048
37.20     0.80545
37.40       0.806
37.60     0.80643
37.80     0.80675
38.00     0.80694
38.20     0.80701
38.40     0.80697
38.60     0.80681
38.80     0.80655
39.00      0.8062
39.20     0.80579
39.40     0.80532
39.60     0.80482
39.80     0.80432
40.00     0.80385
40.20     0.80343
40.40     0.80306
40.60     0.80277
40.80     0.80257
41.00     0.80245
41.20     0.80243
41.40      0.8025
41.60     0.80267
41.80     0.80294
42.00     0.80329
42.20     0.80371
42.40     0.80421
42.60     0.80475
42.80     0.80533
43.00     0.80591
43.20     0.80648
43.40     0.80702
43.60     0.80752
43.80     0.80797
44.00     0.80836
44.20     0.80869
44.40     0.80895
44.60     0.80914
44.80     0.80926
45.00     0.80931
45.20      0.8093
45.40     0.80922
45.60     0.80907
45.80     0.80886
46.00     0.80859
46.20     0.80827
46.40      0.8079
46.60     0.80749
46.80     0.80705
47.00      0.8066
47.20     0.80615
47.40     0.80572
47.60     0.80532
47.80     0.80499
48.00     0.80472
48.20     0.80453
48.40     0.80442
48.60     0.80439
48.80     0.80442
49.00     0.80452
49.20     0.80465
49.40     0.80481
49.60     0.80497
49.80     0.80511
50.00     0.80521
50.20     0.80527
50.40     0.80528
50.60     0.80524
50.80     0.80515
51.00     0.80503
51.20     0.80489
51.40     0.80474
51.60     0.80462
51.80     0.80453
52.00      0.8045
52.20     0.80454
52.40     0.80464
52.60     0.80482
52.80     0.80507
53.00     0.80538
53.20     0.80574
53.40     0.80612
53.60     0.80653
53.80     0.80694
54.00     0.80735
54.20     0.80775
54.40     0.80814
54.60     0.80854
54.80     0.80892
55.00     0.80931
55.20     0.80971
55.40     0.81012
55.60     0.81055
55.80       0.811
56.00     0.81149
56.20     0.81201
56.40     0.81257
56.60     0.81317
56.80     0.81381
57.00     0.81448
57.20     0.81518
57.40     0.81589
57.60      0.8166
57.80     0.81732
58.00     0.81804
58.20     0.81877
58.40      0.8195
58.60     0.82024
58.80       0.821
59.00     0.82179
59.20     0.82261
59.40     0.82345
59.60     0.82433
59.80     0.82523
60.00     0.82616
60.20     0.82709
60.40     0.82803
60.60     0.82895
60.80     0.82987
61.00     0.83077
61.20     0.83166
61.40     0.83252
61.60     0.83336
61.80     0.83417
62.00     0.83493
62.20     0.83563
62.40     0.83625
62.60     0.83677
62.80     0.83719
63.00     0.83748
63.20     0.83766
63.40     0.83771
63.60     0.83763
63.80     0.83742
64.00     0.83709
64.20     0.83665
64.40     0.83609
64.60     0.83544
64.80      0.8347
65.00     0.83391
65.20     0.83307
65.40      0.8322
65.60     0.83131
65.80      0.8304
66.00     0.82948
66.20     0.82855
66.40     0.82763
66.60     0.82671
66.80     0.82581
67.00     0.82494
67.20     0.82411
67.40     0.82335
67.60     0.82265
67.80     0.82201
68.00     0.82145
68.20     0.82097
68.40     0.82055
68.60      0.8202
68.80     0.81992
69.00      0.8197
69.20     0.81954
69.40     0.81943
69.60     0.81938
69.80     0.81938
70.00     0.81942
70.20     0.81952
70.40     0.81967
70.60     0.81986
70.80     0.82011
71.00     0.82041
71.20     0.82076
71.40     0.82116
71.60     0.82162
71.80     0.82212
72.00     0.82267
72.20     0.82326
72.40     0.82389
72.60     0.82454
72.80     0.82519
73.00     0.82583
73.20     0.82645
73.40     0.82703
73.60     0.82756
73.80     0.82805
74.00     0.82849
74.20     0.82887
74.40     0.82921
74.60      0.8295
74.80     0.82975
75.00     0.82996
75.20     0.83013
75.40     0.83028
75.60      0.8304
75.80      0.8305
76.00     0.83059
76.20     0.83065
76.40     0.83071
76.60     0.83076
76.80      0.8308
77.00     0.83083
77.20     0.83085
77.40     0.83086
77.60     0.83086
77.80     0.83085
78.00     0.83081
78.20     0.83076
78.40     0.83067
78.60     0.83055
78.80     0.83039
79.00     0.83018
79.20     0.82991
79.40     0.82958
79.60     0.82918
79.80     0.82869
80.00     0.82812
80.20     0.82746
80.40      0.8267
80.60     0.82584
80.80     0.82489
81.00     0.82386
81.20     0.82275
81.40     0.82158
81.60     0.82037
81.80     0.81912
82.00     0.81786
82.20      0.8166
82.40     0.81536
82.60     0.81414
82.80     0.81297
83.00     0.81186
83.20     0.81081
83.40     0.80983
83.60     0.80893
83.80      0.8081
84.00     0.80736
84.20      0.8067
84.40     0.80615
84.60     0.80572
84.80      0.8054
85.00     0.80521
85.20     0.80514
85.40     0.80518
85.60     0.80531
85.80     0.80552
86.00     0.80578
86.20     0.80607
86.40     0.80635
86.60     0.80661
86.80     0.80682
87.00     0.80698
87.20     0.80706
87.40     0.80707
87.60     0.80699
87.80     0.80682
88.00     0.80656
88.20     0.80622
88.40      0.8058
88.60     0.80532
88.80     0.80478
89.00      0.8042
89.20     0.80361
89.40     0.80301
89.60      0.8024
89.80      0.8018
90.00     0.80119
90.20     0.80059
90.40     0.79999
90.60     0.79939
90.80     0.79878
91.00     0.79817
91.20     0.79756
91.40     0.79694
91.60     0.79632
91.80     0.79571
92.00     0.79511
92.20     0.79455
92.40     0.79404
92.60     0.79361
92.80     0.79327
93.00     0.79305
93.20     0.79296
93.40     0.79301
93.60     0.79321
93.80     0.79357
94.00     0.79408
94.20     0.79475
94.40     0.79556
94.60     0.79652
94.80      0.7976
95.00     0.79878
95.20     0.80004
95.40     0.80136
95.60     0.80273
95.80     0.80412
96.00     0.80551
96.20     0.80689
96.40     0.80824
96.60     0.80955
96.80     0.81081
97.00     0.81203
97.20     0.81318
97.40     0.81425
97.60     0.81525
97.80     0.81615
98.00     0.81696
98.20     0.81767
98.40      0.8183
98.60     0.81884
98.80     0.81931
99.00     0.81971
99.20     0.82005
99.40     0.82036
99.60     0.82062
99.80     0.82086
100.00     0.82109
100.20      0.8213
100.40     0.82152
100.60     0.82174
100.80     0.82198
101.00     0.82222
101.20     0.82248
101.40     0.82276
101.60     0.82304
101.80     0.82332
102.00     0.82359
102.20     0.82384
102.40     0.82406
102.60     0.82422
102.80     0.82429
103.00     0.82427
103.20     0.82413
103.40     0.82387
103.60     0.82349
103.80     0.82299
104.00     0.82239
104.20     0.82169
104.40     0.82093
104.60     0.82011
104.80     0.81924
105.00     0.81833
105.20     0.81742
105.40     0.81649
105.60     0.81559
105.80     0.81472
106.00      0.8139
106.20     0.81315
106.40     0.81247
106.60     0.81186
106.80     0.81133
107.00     0.81088
107.20     0.81051
107.40     0.81021
107.60     0.80998
107.80     0.80982
108.00     0.80972
108.20     0.80969
108.40     0.80972
108.60     0.80981
108.80     0.80995
109.00     0.81015
109.20      0.8104
109.40     0.81071
109.60     0.81106
109.80     0.81145
110.00     0.81189
110.20     0.81237
110.40     0.81287
110.60     0.81339
110.80     0.81392
111.00     0.81444
111.20     0.81493
111.40     0.81537
111.60     0.81573
111.80     0.81601
112.00     0.81619
112.20     0.81627
112.40     0.81624
112.60     0.81611
112.80     0.81587
113.00     0.81555
113.20     0.81515
113.40     0.81468
113.60     0.81418
113.80     0.81367
114.00     0.81317
114.20     0.81269
114.40     0.81227
114.60     0.81191
114.80     0.81162
115.00     0.81141
115.20      0.8113
115.40     0.81128
115.60     0.81137
115.80     0.81156
116.00     0.81187
116.20     0.81228
116.40     0.81281
116.60     0.81344
116.80     0.81417
117.00       0.815
117.20      0.8159
117.40     0.81686
117.60     0.81786
117.80     0.81888
118.00     0.81989
118.20     0.82088
118.40     0.82182
118.60     0.82271
118.80     0.82352
119.00     0.82423
119.20     0.82482
119.40     0.82529
119.60     0.82561
119.80      0.8258
120.00     0.82586
120.20     0.82579
120.40     0.82561
120.60     0.82532
120.80     0.82497
121.00     0.82455
121.20     0.82412
121.40     0.82368
121.60     0.82327
121.80     0.82289
122.00     0.82258
122.20     0.82232
122.40     0.82215
122.60     0.82205
122.80     0.82204
123.00     0.82211
123.20     0.82228
123.40     0.82253
123.60     0.82287
123.80     0.82328
124.00     0.82375
124.20     0.82428
124.40     0.82485
124.60     0.82543
124.80       0.826
125.00     0.82655
125.20     0.82704
125.40     0.82748
125.60     0.82785
125.80     0.82813
126.00     0.82833
126.20     0.82844
126.40     0.82846
126.60     0.82838
126.80     0.82821
127.00     0.82795
127.20     0.82761
127.40     0.82718
127.60     0.82669
127.80     0.82613
128.00     0.82553
128.20      0.8249
128.40     0.82426
128.60     0.82364
128.80     0.82304
129.00     0.82248
129.20     0.82196
129.40      0.8215
129.60     0.82108
129.80     0.82072
130.00     0.82041
130.20     0.82015
130.40     0.81994
130.60     0.81978
130.80     0.81967
131.00     0.81961
131.20      0.8196
131.40     0.81963
131.60     0.81971
131.80     0.81984
132.00     0.82002
132.20     0.82025
132.40     0.82052
132.60     0.82085
132.80     0.82123
133.00     0.82166
133.20     0.82214
133.40     0.82267
133.60     0.82323
133.80     0.82383
134.00     0.82444
134.20     0.82506
134.40     0.82567
134.60     0.82624
134.80     0.82678
135.00     0.82726
135.20      0.8277
135.40     0.82809
135.60     0.82842
135.80     0.82871
136.00     0.82895
136.20     0.82916
136.40     0.82935
136.60     0.82951
136.80     0.82966
137.00      0.8298
137.20     0.82996
137.40     0.83013
137.60     0.83032
137.80     0.83056
138.00     0.83084
138.20     0.83117
138.40     0.83157
138.60     0.83204
138.80     0.83258
139.00     0.83319
139.20     0.83389
139.40     0.83466
139.60      0.8355
139.80      0.8364
140.00     0.83734
140.20     0.83832
140.40     0.83931
140.60     0.84031
140.80     0.84131
141.00      0.8423
141.20     0.84328
141.40     0.84423
141.60     0.84514
141.80       0.846
142.00      0.8468
142.20     0.84754
142.40     0.84823
142.60     0.84887
142.80     0.84947
143.00     0.85004
143.20     0.85057
143.40     0.85109
143.60      0.8516
143.80     0.85211
144.00     0.85261
144.20     0.85313
144.40     0.85364
144.60     0.85417
144.80     0.85468
145.00     0.85519
145.20     0.85566
145.40     0.85609
145.60     0.85645
145.80     0.85673
146.00     0.85693
146.20     0.85704
146.40     0.85706
146.60     0.85699
146.80     0.85683
147.00     0.85659
147.20     0.85627
147.40      0.8559
147.60     0.85549
147.80     0.85506
148.00     0.85464
148.20     0.85424
148.40     0.85389
148.60     0.85358
148.80     0.85334
149.00     0.85317
149.20     0.85306
149.40     0.85301
149.60     0.85303
149.80     0.85309
150.00      0.8532
150.20     0.85333
150.40     0.85347
150.60     0.85359
150.80     0.85368
151.00     0.85371
151.20     0.85368
151.40     0.85357
151.60      0.8534
151.80     0.85316
152.00     0.85287
152.20     0.85255
152.40     0.85222
152.60     0.85189
152.80     0.85158
153.00      0.8513
153.20     0.85105
153.40     0.85085
153.60      0.8507
153.80     0.85061
154.00     0.85059
154.20     0.85063
154.40     0.85075
154.60     0.85095
154.80     0.85124
155.00      0.8516
155.20     0.85205
155.40     0.85259
155.60     0.85321
155.80      0.8539
156.00     0.85466
156.20     0.85548
156.40     0.85633
156.60     0.85722
156.80     0.85812
157.00     0.85903
157.20     0.85995
157.40     0.86087
157.60      0.8618
157.80     0.86272
158.00     0.86363
158.20     0.86452
158.40     0.86538
158.60     0.86621
158.80       0.867
159.00     0.86775
159.20     0.86847
159.40     0.86917
159.60     0.86985
159.80     0.87052
160.00     0.87119
160.20     0.87188
160.40     0.87258
160.60     0.87331
160.80     0.87406
161.00     0.87484
161.20     0.87565
161.40     0.87647
161.60      0.8773
161.80     0.87814
162.00     0.87899
162.20     0.87985
162.40     0.88074
162.60     0.88165
162.80     0.88258
163.00     0.88355
163.20     0.88454
163.40     0.88556
163.60      0.8866
163.80     0.88764
164.00     0.88867
164.20     0.88969
164.40     0.89068
164.60     0.89165
164.80     0.89258
165.00     0.89347
165.20      0.8943
165.40     0.89506
165.60     0.89573
165.80     0.89629
166.00     0.89675
166.20     0.89708
166.40     0.89729
166.60     0.89737
166.80     0.89734
167.00     0.89719
167.20     0.89693
167.40     0.89658
167.60     0.89614
167.80     0.89564
168.00     0.89509
168.20     0.89452
168.40     0.89395
168.60      0.8934
168.80     0.89288
169.00     0.89239
169.20     0.89194
169.40     0.89154
169.60     0.89119
169.80     0.89088
170.00     0.89062
170.20      0.8904
170.40     0.89022
170.60     0.89008
170.80     0.88997
171.00     0.88989
171.20     0.88983
171.40      0.8898
171.60     0.88978
171.80     0.88978
172.00      0.8898
172.20     0.88982
172.40     0.88985
172.60     0.88988
172.80     0.88992
173.00     0.88996
173.20        0.89
173.40     0.89003
173.60     0.89006
173.80     0.89008
174.00      0.8901
174.20      0.8901
174.40     0.89008
174.60     0.89005
174.80     0.89001
175.00     0.88994
175.20     0.88985
175.40     0.88973
175.60     0.88959
175.80     0.88941
176.00     0.88921
176.20     0.88897
176.40      0.8887
176.60     0.88839
176.80     0.88806
177.00      0.8877
177.20     0.88732
177.40     0.88693
177.60     0.88654
177.80     0.88616
178.00     0.88582
178.20     0.88552
178.40     0.88529
178.60     0.88517
178.80     0.88515
179.00     0.88525
179.20     0.88547
179.40     0.88581
179.60     0.88626
179.80     0.88682
180.00     0.88746
180.20     0.88817
180.40     0.88894
180.60     0.88975
180.80      0.8906
181.00     0.89147
181.20     0.89235
181.40     0.89324
181.60     0.89411
181.80     0.89496
182.00     0.89576
182.20     0.89652
182.40     0.89722
182.60     0.89788
182.80     0.89849
183.00     0.89907
183.20     0.89961
183.40     0.90013
183.60     0.90063
183.80     0.90113
184.00     0.90163
184.20     0.90214
184.40     0.90267
184.60     0.90321
184.80     0.90377
185.00     0.90435
185.20     0.90493
185.40     0.90551
185.60     0.90608
185.80     0.90662
186.00     0.90712
186.20     0.90758
186.40       0.908
186.60     0.90839
186.80     0.90874
187.00     0.90905
187.20     0.90934
187.40     0.90962
187.60     0.90988
187.80     0.91014
188.00     0.91041
188.20      0.9107
188.40       0.911
188.60     0.91134
188.80     0.91171
189.00     0.91212
189.20     0.91257
189.40     0.91307
189.60     0.91361
189.80     0.91419
190.00     0.91479
190.20     0.91541
190.40     0.91604
190.60     0.91665
190.80     0.91724
191.00      0.9178
191.20     0.91833
191.40     0.91883
191.60     0.91931
191.80     0.91975
192.00     0.92018
192.20     0.92058
192.40     0.92096
192.60     0.92134
192.80     0.92169
193.00     0.92204
193.20     0.92237
193.40     0.92268
193.60     0.92297
193.80     0.92322
194.00     0.92343
194.20     0.92358
194.40     0.92366
194.60     0.92365
194.80     0.92355
195.00     0.92335
195.20     0.92308
195.40     0.92273
195.60     0.92232
195.80     0.92186
196.00     0.92135
196.20      0.9208
196.40     0.92021
196.60     0.91958
196.80     0.91892
197.00     0.91823
197.20     0.91751
197.40     0.91676
197.60     0.91599
197.80     0.91522
198.00     0.91446
198.20     0.91373
198.40     0.91303
198.60     0.91239
198.80     0.91182
199.00     0.91131
199.20     0.91087
199.40     0.91051
199.60     0.91023
199.80     0.91002
200.00      0.9099
200.20     0.90985
200.40     0.90989
200.60     0.91001
200.80     0.91021
201.00     0.91051
201.20     0.91089
201.40     0.91135
201.60     0.91191
201.80     0.91256
202.00     0.91328
202.20     0.91409
202.40     0.91496
202.60     0.91589
202.80     0.91685
203.00     0.91784
203.20     0.91884
203.40     0.91984
203.60     0.92084
203.80     0.92183
204.00     0.92279
204.20     0.92373
204.40     0.92462
204.60     0.92545
204.80     0.92621
205.00     0.92689
205.20     0.92749
205.40     0.92802
205.60     0.92846
205.80     0.92883
206.00     0.92913
206.20     0.92937
206.40     0.92956
206.60     0.92971
206.80     0.92982
207.00     0.92991
207.20     0.92999
207.40     0.93006
207.60     0.93013
207.80     0.93022
208.00     0.93033
208.20     0.93048
208.40     0.93067
208.60     0.93092
208.80     0.93122
209.00     0.93159
209.20     0.93203
209.40     0.93255
209.60     0.93315
209.80     0.93383
210.00     0.93458
210.20      0.9354
210.40     0.93627
210.60     0.93718
210.80     0.93812
211.00     0.93907
211.20     0.94003
211.40     0.94099
211.60     0.94193
211.80     0.94286
212.00     0.94375
212.20     0.94461
212.40     0.94541
212.60     0.94615
212.80     0.94685
213.00      0.9475
213.20     0.94812
213.40     0.94871
213.60      0.9493
213.80     0.94989
214.00      0.9505
214.20     0.95115
214.40     0.95185
214.60     0.95261
214.80     0.95346
215.00      0.9544
215.20     0.95543
215.40     0.95655
215.60     0.95777
215.80     0.95907
216.00     0.96046
216.20     0.96191
216.40     0.96342
216.60     0.96498
216.80     0.96658
217.00     0.96821
217.20     0.96985
217.40     0.97148
217.60     0.97309
217.80     0.97468
218.00     0.97622
218.20      0.9777
218.40     0.97911
218.60     0.98046
218.80     0.98173
219.00     0.98291
219.20     0.98401
219.40     0.98502
219.60     0.98592
219.80     0.98672
220.00     0.98743
220.20     0.98806
220.40     0.98861
220.60      0.9891
220.80     0.98955
221.00     0.98996
221.20     0.99036
221.40     0.99076
221.60     0.99118
221.80     0.99163
222.00     0.99212
222.20     0.99267
222.40     0.99329
222.60     0.99398
222.80     0.99475
223.00     0.99559
223.20     0.99651
223.40      0.9975
223.60     0.99854
223.80     0.99963
224.00      1.0008
224.20       1.002
224.40      1.0032
224.60      1.0045
224.80      1.0058
225.00      1.0071
225.20      1.0084
225.40      1.0098
225.60      1.0113
225.80      1.0127
226.00      1.0143
226.20      1.0158
226.40      1.0174
226.60      1.0191
226.80      1.0208
227.00      1.0226
227.20      1.0245
227.40      1.0264
227.60      1.0284
227.80      1.0304
228.00      1.0325
228.20      1.0346
228.40      1.0367
228.60      1.0389
228.80      1.0411
229.00      1.0432
229.20      1.0454
229.40      1.0475
229.60      1.0496
229.80      1.0516
230.00      1.0535
230.20      1.0554
230.40      1.0573
230.60       1.059
230.80      1.0607
231.00      1.0623
231.20      1.0639
231.40      1.0655
231.60      1.0669
231.80      1.0684
232.00      1.0698
232.20      1.0712
232.40      1.0725
232.60      1.0738
232.80      1.0752
233.00      1.0765
233.20      1.0778
233.40      1.0791
233.60      1.0803
233.80      1.0816
234.00      1.0828
234.20      1.0841
234.40      1.0853
234.60      1.0866
234.80      1.0878
235.00       1.089
235.20      1.0903
235.40      1.0916
235.60       1.093
235.80      1.0944
236.00       1.096
236.20      1.0976
236.40      1.0993
236.60      1.1011
236.80      1.1029
237.00      1.1049
237.20      1.1069
237.40      1.1091
237.60      1.1113
237.80      1.1136
238.00      1.1159
238.20      1.1184
238.40      1.1209
238.60      1.1234
238.80       1.126
239.00      1.1287
239.20      1.1315
239.40      1.1343
239.60      1.1371
239.80        1.14
240.00      1.1429
240.20      1.1459
240.40      1.1489
240.60      1.1519
240.80       1.155
241.00      1.1581
241.20      1.1612
241.40      1.1643
241.60      1.1674
241.80      1.1706
242.00      1.1737
242.20      1.1768
242.40      1.1799
242.60      1.1829
242.80      1.1858
243.00      1.1887
243.20      1.1916
243.40      1.1943
243.60      1.1969
243.80      1.1995
244.00       1.202
244.20      1.2043
244.40      1.2066
244.60      1.2088
244.80      1.2109
245.00      1.2129
245.20      1.2149
245.40      1.2168
245.60      1.2186
245.80      1.2204
246.00      1.2222
246.20       1.224
246.40      1.2258
246.60      1.2276
246.80      1.2294
247.00      1.2313
247.20      1.2332
247.40      1.2352
247.60      1.2373
247.80      1.2394
248.00      1.2417
248.20       1.244
248.40      1.2464
248.60      1.2488
248.80      1.2514
249.00       1.254
249.20      1.2566
249.40      1.2594
249.60      1.2621
249.80       1.265
250.00      1.2678
250.20      1.2708
250.40      1.2737
250.60      1.2767
250.80      1.2798
251.00      1.2828
251.20       1.286
251.40      1.2892
251.60      1.2924
251.80      1.2956
252.00      1.2988
252.20      1.3021
252.40      1.3054
252.60      1.3086
252.80      1.3119
253.00      1.3152
253.20      1.3184
253.40      1.3217
253.60       1.325
253.80      1.3283
254.00      1.3316
254.20      1.3349
254.40      1.3382
254.60      1.3416
254.80       1.345
255.00      1.3485
255.20       1.352
255.40      1.3555
255.60      1.3591
255.80      1.3627
256.00      1.3664
256.20        1.37
256.40      1.3737
256.60      1.3773
256.80       1.381
257.00      1.3846
257.20      1.3882
257.40      1.3917
257.60      1.3953
257.80      1.3988
258.00      1.4023
258.20      1.4057
258.40      1.4091
258.60      1.4125
258.80      1.4159
259.00      1.4193
259.20      1.4226
259.40       1.426
259.60      1.4294
259.80      1.4328
260.00      1.4362
260.20      1.4397
260.40      1.4432
260.60      1.4468
260.80      1.4505
261.00      1.4542
261.20       1.458
261.40       1.462
261.60       1.466
261.80      1.4701
262.00      1.4744
262.20      1.4788
262.40      1.4833
262.60      1.4879
262.80      1.4926
263.00      1.4974
263.20      1.5023
263.40      1.5072
263.60      1.5123
263.80      1.5174
264.00      1.5227
264.20       1.528
264.40      1.5333
264.60      1.5388
264.80      1.5442
265.00      1.5498
265.20      1.5553
265.40      1.5609
265.60      1.5666
265.80      1.5722
266.00      1.5779
266.20      1.5836
266.40      1.5893
266.60       1.595
266.80      1.6007
267.00      1.6064
267.20      1.6121
267.40      1.6178
267.60      1.6235
267.80      1.6292
268.00      1.6349
268.20      1.6406
268.40      1.6463
268.60       1.652
268.80      1.6577
269.00      1.6634
269.20       1.669
269.40      1.6747
269.60      1.6803
269.80      1.6859
270.00      1.6915
270.20       1.697
270.40      1.7024
270.60      1.7078
270.80      1.7132
271.00      1.7184
271.20      1.7236
271.40      1.7288
271.60      1.7338
271.80      1.7388
272.00      1.7437
272.20      1.7486
272.40      1.7534
272.60      1.7582
272.80      1.7631
273.00      1.7679
273.20      1.7727
273.40      1.7776
273.60      1.7825
273.80      1.7875
274.00      1.7926
274.20      1.7978
274.40       1.803
274.60      1.8084
274.80       1.814
275.00      1.8196
275.20      1.8254
275.40      1.8314
275.60      1.8376
275.80      1.8439
276.00      1.8503
276.20       1.857
276.40      1.8638
276.60      1.8708
276.80       1.878
277.00      1.8854
277.20      1.8929
277.40      1.9006
277.60      1.9085
277.80      1.9165
278.00      1.9247
278.20       1.933
278.40      1.9414
278.60        1.95
278.80      1.9587
279.00      1.9676
279.20      1.9765
279.40      1.9855
279.60      1.9946
279.80      2.0037
280.00       2.013
280.20      2.0223
280.40      2.0317
280.60      2.0411
280.80      2.0505
281.00        2.06
281.20      2.0695
281.40      2.0789
281.60      2.0883
281.80      2.0976
282.00      2.1069
282.20      2.1161
282.40      2.1252
282.60      2.1342
282.80      2.1432
283.00       2.152
283.20      2.1608
283.40      2.1695
283.60      2.1782
283.80      2.1868
284.00      2.1954
284.20       2.204
284.40      2.2126
284.60      2.2212
284.80      2.2299
285.00      2.2386
285.20      2.2474
285.40      2.2563
285.60      2.2653
285.80      2.2744
286.00      2.2836
286.20      2.2929
286.40      2.3024
286.60      2.3121
286.80      2.3219
287.00      2.3319
287.20       2.342
287.40      2.3523
287.60      2.3627
287.80      2.3732
288.00      2.3839
288.20      2.3946
288.40      2.4055
288.60      2.4165
288.80      2.4275
289.00      2.4387
289.20        2.45
289.40      2.4614
289.60      2.4729
289.80      2.4846
290.00      2.4964
290.20      2.5083
290.40      2.5204
290.60      2.5326
290.80       2.545
291.00      2.5574
291.20        2.57
291.40      2.5827
291.60      2.5954
291.80      2.6082
292.00      2.6211
292.20       2.634
292.40       2.647
292.60      2.6601
292.80      2.6732
293.00      2.6863
293.20      2.6995
293.40      2.7127
293.60       2.726
293.80      2.7394
294.00      2.7528
294.20      2.7663
294.40      2.7798
294.60      2.7935
294.80      2.8072
295.00      2.8209
295.20      2.8348
295.40      2.8487
295.60      2.8627
295.80      2.8769
296.00      2.8911
296.20      2.9055
296.40        2.92
296.60      2.9346
296.80      2.9494
297.00      2.9644
297.20      2.9796
297.40      2.9949
297.60      3.0105
297.80      3.0262
298.00      3.0421
298.20      3.0583
298.40      3.0746
298.60      3.0911
298.80      3.1079
299.00      3.1248
299.20       3.142
299.40      3.1593
299.60      3.1769
299.80      3.1946
300.00      3.2125
300.20      3.2306
300.40      3.2488
300.60      3.2673
300.80      3.2858
301.00      3.3045
301.20      3.3234
301.40      3.3424
301.60      3.3615
301.80      3.3808
302.00      3.4002
302.20      3.4198
302.40      3.4395
302.60      3.4593
302.80      3.4792
303.00      3.4993
303.20      3.5194
303.40      3.5397
303.60      3.5601
303.80      3.5806
304.00      3.6012
304.20      3.6219
304.40      3.6427
304.60      3.6636
304.80      3.6846
305.00      3.7056
305.20      3.7268
305.40       3.748
305.60      3.7693
305.80      3.7907
306.00      3.8122
306.20      3.8338
306.40      3.8554
306.60      3.8772
306.80       3.899
307.00       3.921
307.20      3.9431
307.40      3.9654
307.60      3.9879
307.80      4.0105
308.00      4.0334
308.20      4.0564
308.40      4.0796
308.60       4.103
308.80      4.1267
309.00      4.1506
309.20      4.1747
309.40       4.199
309.60      4.2236
309.80      4.2485
310.00      4.2736
310.20      4.2989
310.40      4.3245
310.60      4.3504
310.80      4.3765
311.00      4.4028
311.20      4.4294
311.40      4.4563
311.60      4.4834
311.80      4.5107
312.00      4.5383
312.20       4.566
312.40      4.5941
312.60      4.6223
312.80      4.6508
313.00      4.6795
313.20      4.7085
313.40      4.7376
313.60       4.767
313.80      4.7966
314.00      4.8263
314.20      4.8564
314.40      4.8866
314.60      4.9171
314.80      4.9479
315.00      4.9789
315.20      5.0102
315.40      5.0419
315.60      5.0739
315.80      5.1063
316.00       5.139
316.20      5.1722
316.40      5.2057
316.60      5.2397
316.80      5.2741
317.00      5.3089
317.20      5.3441
317.40      5.3798
317.60      5.4158
317.80      5.4523
318.00      5.4892
318.20      5.5265
318.40      5.5641
318.60      5.6022
318.80      5.6406
319.00      5.6793
319.20      5.7184
319.40      5.7578
319.60      5.7976
319.80      5.8376
320.00      5.8779
320.20      5.9186
320.40      5.9595
320.60      6.0007
320.80      6.0422
321.00       6.084
321.20       6.126
321.40      6.1684
321.60       6.211
321.80      6.2539
322.00       6.297
322.20      6.3404
322.40      6.3841
322.60      6.4281
322.80      6.4724
323.00       6.517
323.20      6.5619
323.40      6.6071
323.60      6.6527
323.80      6.6987
324.00       6.745
324.20      6.7917
324.40      6.8388
324.60      6.8863
324.80      6.9342
325.00      6.9825
325.20      7.0313
325.40      7.0805
325.60      7.1301
325.80      7.1802
326.00      7.2307
326.20      7.2817
326.40      7.3331
326.60       7.385
326.80      7.4373
327.00        7.49
327.20      7.5432
327.40      7.5969
327.60      7.6509
327.80      7.7054
328.00      7.7603
328.20      7.8156
328.40      7.8714
328.60      7.9275
328.80      7.9841
329.00      8.0411
329.20      8.0985
329.40      8.1563
329.60      8.2146
329.80      8.2733
330.00      8.3324
330.20      8.3919
330.40      8.4518
330.60      8.5122
330.80      8.5729
331.00      8.6341
331.20      8.6956
331.40      8.7574
331.60      8.8197
331.80      8.8822
332.00      8.9452
332.20      9.0085
332.40      9.0721
332.60      9.1361
332.80      9.2004
333.00      9.2651
333.20      9.3302
333.40      9.3956
333.60      9.4614
333.80      9.5276
334.00      9.5943
334.20      9.6613
334.40      9.7287
334.60      9.7967
334.80      9.8651
335.00      9.9339
335.20      10.003
335.40      10.073
335.60      10.144
335.80      10.215
336.00      10.286
336.20      10.358
336.40      10.431
336.60      10.504
336.80      10.578
337.00      10.652
337.20      10.727
337.40      10.802
337.60      10.877
337.80      10.953
338.00       11.03
338.20      11.106
338.40      11.183
338.60      11.261
338.80      11.338
339.00      11.416
339.20      11.495
339.40      11.573
339.60      11.652
339.80      11.731
340.00       11.81
340.20      11.889
340.40      11.969
340.60      12.049
340.80      12.129
341.00      12.209
341.20      12.289
341.40       12.37
341.60       12.45
341.80      12.531
342.00      12.611
342.20      12.692
342.40      12.773
342.60      12.854
342.80      12.935
343.00      13.016
343.20      13.097
343.40      13.179
343.60       13.26
343.80      13.342
344.00      13.424
344.20      13.506
344.40      13.588
344.60      13.671
344.80      13.754
345.00      13.837
345.20      13.921
345.40      14.006
345.60       14.09
345.80      14.176
346.00      14.261
346.20      14.348
346.40      14.435
346.60      14.522
346.80       14.61
347.00      14.699
347.20      14.788
347.40      14.877
347.60      14.966
347.80      15.056
348.00      15.146
348.20      15.235
348.40      15.325
348.60      15.414
348.80      15.502
349.00       15.59
349.20      15.676
349.40      15.762
349.60      15.847
349.80      15.931
350.00      16.014
350.20      16.095
350.40      16.175
350.60      16.254
350.80      16.331
351.00      16.407
351.20      16.482
351.40      16.556
351.60      16.628
351.80        16.7
352.00       16.77
352.20      16.839
352.40      16.907
352.60      16.974
352.80       17.04
353.00      17.106
353.20       17.17
353.40      17.234
353.60      17.297
353.80      17.359
354.00       17.42
354.20      17.481
354.40      17.541
354.60      17.601
354.80       17.66
355.00      17.718
355.20      17.776
355.40      17.834
355.60      17.891
355.80      17.947
356.00      18.003
356.20      18.059
356.40      18.115
356.60       18.17
356.80      18.225
357.00      18.281
357.20      18.336
357.40      18.391
357.60      18.447
357.80      18.503
358.00      18.559
358.20      18.616
358.40      18.674
358.60      18.733
358.80      18.793
359.00      18.854
359.20      18.917
359.40      18.981
359.60      19.047
359.80      19.116
360.00      19.186
360.20      19.259
360.40      19.335
360.60      19.414
360.80      19.496
361.00      19.581
361.20       19.67
361.40      19.763
361.60       19.86
361.80      19.961
362.00      20.067
362.20      20.178
362.40      20.294
362.60      20.415
362.80      20.542
363.00      20.675
363.20      20.814
363.40       20.96
363.60      21.113
363.80      21.272
364.00      21.439
364.20      21.614
364.40      21.797
364.60      21.988
364.80      22.188
365.00      22.396
365.20      22.614
365.40      22.842
365.60      23.079
365.80      23.326
366.00      23.583
366.20      23.852
366.40       24.13
366.60      24.421
366.80      24.722
367.00      25.035
367.20       25.36
367.40      25.696
367.60      26.045
367.80      26.405
368.00      26.778
368.20      27.162
368.40      27.559
368.60      27.967
368.80      28.387
369.00      28.818
369.20      29.261
369.40      29.714
369.60      30.177
369.80      30.649
370.00       31.13
370.20       31.62
370.40      32.117
370.60      32.621
370.80      33.131
371.00      33.646
371.20      34.165
371.40      34.687
371.60      35.212
371.80      35.737
372.00      36.263
372.20      36.788
372.40      37.311
372.60      37.831
372.80      38.348
373.00      38.859
373.20      39.364
373.40      39.863
373.60      40.354
373.80      40.836
374.00      41.309
374.20      41.772
374.40      42.223
374.60      42.663
374.80       43.09
375.00      43.503
375.20      43.903
375.40      44.288
375.60      44.657
375.80      45.011
376.00      45.348
376.20      45.669
376.40      45.972
376.60      46.257
376.80      46.525
377.00      46.774
377.20      47.004
377.40      47.215
377.60      47.408
377.80       47.58
378.00      47.734
378.20      47.868
378.40      47.983
378.60      48.078
378.80      48.154
379.00      48.211
379.20      48.249
379.40      48.269
379.60       48.27
379.80      48.254
380.00       48.22
380.20      48.169
380.40      48.102
380.60      48.019
380.80      47.922
381.00       47.81
381.20      47.684
381.40      47.545
381.60      47.394
381.80      47.231
382.00      47.058
382.20      46.874
382.40      46.682
382.60       46.48
382.80      46.271
383.00      46.055
383.20      45.831
383.40      45.602
383.60      45.368
383.80      45.129
384.00      44.885
384.20      44.637
384.40      44.386
384.60      44.133
384.80      43.876
385.00      43.617
385.20      43.356
385.40      43.094
385.60       42.83
385.80      42.566
386.00        42.3
386.20      42.034
386.40      41.767
386.60        41.5
386.80      41.234
387.00      40.967
387.20        40.7
387.40      40.434
387.60      40.169
387.80      39.904
388.00       39.64
388.20      39.377
388.40      39.115
388.60      38.854
388.80      38.594
389.00      38.335
389.20      38.078
389.40      37.822
389.60      37.568
389.80      37.315
390.00      37.064
390.20      36.815
390.40      36.567
390.60       36.32
390.80      36.076
391.00      35.833
391.20      35.592
391.40      35.353
391.60      35.116
391.80       34.88
392.00      34.646
392.20      34.414
392.40      34.183
392.60      33.954
392.80      33.727
393.00      33.502
393.20      33.278
393.40      33.056
393.60      32.835
393.80      32.616
394.00      32.399
394.20      32.183
394.40      31.968
394.60      31.755
394.80      31.543
395.00      31.333
395.20      31.123
395.40      30.916
395.60      30.709
395.80      30.504
396.00        30.3
396.20      30.097
396.40      29.896
396.60      29.696
396.80      29.497
397.00        29.3
397.20      29.104
397.40      28.909
397.60      28.716
397.80      28.524
398.00      28.334
398.20      28.145
398.40      27.957
398.60       27.77
398.80      27.585
399.00      27.402
399.20       27.22
399.40      27.039
399.60      26.859
399.80      26.681
400.00      26.504
400.20      26.329
400.40      26.155
400.60      25.983
400.80      25.811
401.00      25.642
401.20      25.473
401.40      25.306
401.60      25.141
401.80      24.977
402.00      24.814
402.20      24.653
402.40      24.494
402.60      24.335
402.80      24.179
403.00      24.023
403.20       23.87
403.40      23.717
403.60      23.566
403.80      23.416
404.00      23.268
404.20      23.121
404.40      22.976
404.60      22.832
404.80      22.689
405.00      22.547
405.20      22.407
405.40      22.268
405.60       22.13
405.80      21.994
406.00      21.858
406.20      21.724
406.40      21.591
406.60      21.459
406.80      21.328
407.00      21.198
407.20      21.069
407.40      20.941
407.60      20.814
407.80      20.688
408.00      20.563
408.20      20.439
408.40      20.316
408.60      20.194
408.80      20.073
409.00      19.953
409.20      19.833
409.40      19.715
409.60      19.597
409.80      19.481
410.00      19.365
410.20       19.25
410.40      19.135
410.60      19.022
410.80      18.909
411.00      18.797
411.20      18.686
411.40      18.575
411.60      18.466
411.80      18.357
412.00      18.249
412.20      18.142
412.40      18.035
412.60      17.929
412.80      17.825
413.00      17.721
413.20      17.618
413.40      17.515
413.60      17.414
413.80      17.314
414.00      17.214
414.20      17.116
414.40      17.018
414.60      16.922
414.80      16.826
415.00      16.731
415.20      16.637
415.40      16.544
415.60      16.451
415.80       16.36
416.00      16.269
416.20      16.179
416.40       16.09
416.60      16.002
416.80      15.914
417.00      15.828
417.20      15.741
417.40      15.656
417.60      15.571
417.80      15.487
418.00      15.404
418.20      15.321
418.40      15.239
418.60      15.158
418.80      15.077
419.00      14.996
419.20      14.916
419.40      14.837
419.60      14.758
419.80       14.68
420.00      14.602
420.20      14.525
420.40      14.448
420.60      14.372
420.80      14.296
421.00      14.221
421.20      14.147
421.40      14.073
421.60      13.999
421.80      13.926
422.00      13.854
422.20      13.782
422.40      13.711
422.60       13.64
422.80       13.57
423.00        13.5
423.20      13.432
423.40      13.363
423.60      13.296
423.80      13.229
424.00      13.162
424.20      13.096
424.40      13.031
424.60      12.966
424.80      12.902
425.00      12.839
425.20      12.776
425.40      12.713
425.60      12.651
425.80       12.59
426.00       12.53
426.20      12.469
426.40       12.41
426.60      12.351
426.80      12.293
427.00      12.235
427.20      12.177
427.40      12.121
427.60      12.064
427.80      12.009
428.00      11.954
428.20      11.899
428.40      11.845
428.60      11.791
428.80      11.738
429.00      11.685
429.20      11.633
429.40      11.581
429.60      11.529
429.80      11.478
430.00      11.427
430.20      11.377
430.40      11.326
430.60      11.276
430.80      11.227
431.00      11.177
431.20      11.128
431.40      11.079
431.60       11.03
431.80      10.982
432.00      10.933
432.20      10.885
432.40      10.837
432.60       10.79
432.80      10.742
433.00      10.695
433.20      10.648
433.40      10.602
433.60      10.555
433.80      10.509
434.00      10.463
434.20      10.418
434.40      10.372
434.60      10.327
434.80      10.282
435.00      10.238
435.20      10.194
435.40       10.15
435.60      10.106
435.80      10.063
436.00       10.02
436.20      9.9776
436.40      9.9354
436.60      9.8935
436.80      9.8521
437.00      9.8109
437.20      9.7702
437.40      9.7298
437.60      9.6897
437.80        9.65
438.00      9.6106
438.20      9.5716
438.40      9.5329
438.60      9.4946
438.80      9.4565
439.00      9.4188
439.20      9.3814
439.40      9.3443
439.60      9.3075
439.80       9.271
440.00      9.2348
440.20      9.1988
440.40      9.1631
440.60      9.1277
440.80      9.0926
441.00      9.0578
441.20      9.0233
441.40      8.9891
441.60      8.9552
441.80      8.9215
442.00      8.8882
442.20      8.8552
442.40      8.8224
442.60      8.7899
442.80      8.7577
443.00      8.7257
443.20       8.694
443.40      8.6625
443.60      8.6312
443.80      8.6001
444.00      8.5693
444.20      8.5386
444.40      8.5081
444.60      8.4777
444.80      8.4475
445.00      8.4175
445.20      8.3876
445.40      8.3579
445.60      8.3283
445.80      8.2988
446.00      8.2695
446.20      8.2403
446.40      8.2113
446.60      8.1825
446.80      8.1539
447.00      8.1254
447.20      8.0971
447.40      8.0689
447.60      8.0409
447.80      8.0131
448.00      7.9854
448.20      7.9579
448.40      7.9305
448.60      7.9033
448.80      7.8762
449.00      7.8493
449.20      7.8224
449.40      7.7957
449.60      7.7692
449.80      7.7428
450.00      7.7165
450.20      7.6904
450.40      7.6644
450.60      7.6385
450.80      7.6128
451.00      7.5873
451.20      7.5619
451.40      7.5366
451.60      7.5114
451.80      7.4865
452.00      7.4616
452.20      7.4369
452.40      7.4123
452.60      7.3879
452.80      7.3637
453.00      7.3396
453.20      7.3156
453.40      7.2918
453.60      7.2682
453.80      7.2448
454.00      7.2216
454.20      7.1985
454.40      7.1756
454.60       7.153
454.80      7.1305
455.00      7.1084
455.20      7.0864
455.40      7.0647
455.60      7.0433
455.80      7.0222
456.00      7.0013
456.20      6.9808
456.40      6.9604
456.60      6.9404
456.80      6.9206
457.00       6.901
457.20      6.8817
457.40      6.8626
457.60      6.8438
457.80      6.8251
458.00      6.8067
458.20      6.7884
458.40      6.7703
458.60      6.7524
458.80      6.7345
459.00      6.7168
459.20      6.6992
459.40      6.6817
459.60      6.6642
459.80      6.6468
460.00      6.6295
460.20      6.6122
460.40       6.595
460.60      6.5779
460.80      6.5608
461.00      6.5437
461.20      6.5268
461.40      6.5098
461.60       6.493
461.80      6.4762
462.00      6.4595
462.20      6.4429
462.40      6.4263
462.60      6.4099
462.80      6.3935
463.00      6.3771
463.20      6.3609
463.40      6.3448
463.60      6.3287
463.80      6.3128
464.00      6.2969
464.20      6.2812
464.40      6.2655
464.60      6.2499
464.80      6.2344
465.00      6.2189
465.20      6.2036
465.40      6.1882
465.60       6.173
465.80      6.1577
466.00      6.1425
466.20      6.1273
466.40       6.112
466.60      6.0967
466.80      6.0814
467.00      6.0661
467.20      6.0508
467.40      6.0354
467.60      6.0199
467.80      6.0045
468.00       5.989
468.20      5.9736
468.40      5.9581
468.60      5.9427
468.80      5.9273
469.00      5.9119
469.20      5.8967
469.40      5.8815
469.60      5.8665
469.80      5.8516
470.00      5.8369
470.20      5.8223
470.40      5.8079
470.60      5.7937
470.80      5.7796
471.00      5.7658
471.20      5.7521
471.40      5.7386
471.60      5.7253
471.80      5.7121
472.00      5.6991
472.20      5.6863
472.40      5.6735
472.60      5.6609
472.80      5.6484
473.00      5.6361
473.20      5.6238
473.40      5.6116
473.60      5.5995
473.80      5.5874
474.00      5.5755
474.20      5.5636
474.40      5.5518
474.60      5.5401
474.80      5.5286
475.00      5.5171
475.20      5.5058
475.40      5.4946
475.60      5.4836
475.80      5.4728
476.00      5.4621
476.20      5.4515
476.40      5.4411
476.60      5.4309
476.80      5.4208
477.00      5.4108
477.20      5.4009
477.40      5.3912
477.60      5.3816
477.80       5.372
478.00      5.3626
478.20      5.3531
478.40      5.3438
478.60      5.3344
478.80      5.3251
479.00      5.3157
479.20      5.3064
479.40      5.2969
479.60      5.2874
479.80      5.2779
480.00      5.2683
480.20      5.2587
480.40       5.249
480.60      5.2392
480.80      5.2294
481.00      5.2196
481.20      5.2098
481.40      5.1999
481.60        5.19
481.80      5.1801
482.00      5.1703
482.20      5.1604
482.40      5.1505
482.60      5.1407
482.80      5.1309
483.00      5.1211
483.20      5.1114
483.40      5.1017
483.60      5.0921
483.80      5.0825
484.00       5.073
484.20      5.0635
484.40       5.054
484.60      5.0445
484.80      5.0351
485.00      5.0256
485.20      5.0162
485.40      5.0067
485.60      4.9973
485.80      4.9878
486.00      4.9784
486.20       4.969
486.40      4.9596
486.60      4.9503
486.80       4.941
487.00      4.9318
487.20      4.9228
487.40      4.9138
487.60       4.905
487.80      4.8963
488.00      4.8877
488.20      4.8792
488.40      4.8708
488.60      4.8626
488.80      4.8545
489.00      4.8464
489.20      4.8385
489.40      4.8307
489.60      4.8229
489.80      4.8152
490.00      4.8076
490.20         4.8
490.40      4.7925
490.60      4.7851
490.80      4.7777
491.00      4.7703
491.20      4.7631
491.40      4.7559
491.60      4.7487
491.80      4.7416
492.00      4.7345
492.20      4.7275
492.40      4.7206
492.60      4.7136
492.80      4.7067
493.00      4.6997
493.20      4.6928
493.40      4.6858
493.60      4.6788
493.80      4.6718
494.00      4.6647
494.20      4.6575
494.40      4.6504
494.60      4.6431
494.80      4.6358
495.00      4.6285
495.20      4.6211
495.40      4.6136
495.60      4.6061
495.80      4.5985
496.00      4.5908
496.20      4.5831
496.40      4.5754
496.60      4.5675
496.80      4.5597
497.00      4.5517
497.20      4.5437
497.40      4.5356
497.60      4.5274
497.80      4.5192
498.00      4.5108
498.20      4.5023
498.40      4.4938
498.60      4.4851
498.80      4.4764
499.00      4.4675
499.20      4.4586
499.40      4.4496
499.60      4.4405
499.80      4.4314
500.00      4.4223
500.20      4.4131
500.40       4.404
500.60      4.3948
500.80      4.3857
501.00      4.3765
501.20      4.3674
501.40      4.3582
501.60       4.349
501.80      4.3398
502.00      4.3306
502.20      4.3214
502.40      4.3122
502.60       4.303
502.80      4.2938
503.00      4.2845
503.20      4.2752
503.40      4.2659
503.60      4.2566
503.80      4.2472
504.00      4.2377
504.20      4.2282
504.40      4.2187
504.60      4.2091
504.80      4.1994
505.00      4.1898
505.20      4.1801
505.40      4.1704
505.60      4.1607
505.80       4.151
506.00      4.1413
506.20      4.1316
506.40       4.122
506.60      4.1124
506.80      4.1028
507.00      4.0932
507.20      4.0836
507.40      4.0741
507.60      4.0646
507.80      4.0551
508.00      4.0455
508.20      4.0359
508.40      4.0262
508.60      4.0164
508.80      4.0065
509.00      3.9966
509.20      3.9865
509.40      3.9763
509.60      3.9659
509.80      3.9555
510.00       3.945
510.20      3.9344
510.40      3.9237
510.60       3.913
510.80      3.9022
511.00      3.8913
511.20      3.8803
511.40      3.8693
511.60      3.8582
511.80       3.847
512.00      3.8357
512.20      3.8243
512.40      3.8129
512.60      3.8014
512.80      3.7898
513.00      3.7781
513.20      3.7664
513.40      3.7546
513.60      3.7428
513.80       3.731
514.00      3.7192
514.20      3.7074
514.40      3.6956
514.60      3.6838
514.80      3.6721
515.00      3.6605
515.20      3.6489
515.40      3.6374
515.60       3.626
515.80      3.6146
516.00      3.6033
516.20      3.5922
516.40       3.581
516.60        3.57
516.80       3.559
517.00       3.548
517.20      3.5371
517.40      3.5263
517.60      3.5154
517.80      3.5046
518.00      3.4938
518.20      3.4831
518.40      3.4724
518.60      3.4617
518.80      3.4511
519.00      3.4405
519.20      3.4298
519.40      3.4192
519.60      3.4085
519.80      3.3978
520.00       3.387
520.20      3.3762
520.40      3.3653
520.60      3.3544
520.80      3.3434
521.00      3.3324
521.20      3.3213
521.40      3.3101
521.60      3.2989
521.80      3.2876
522.00      3.2762
522.20      3.2647
522.40      3.2531
522.60      3.2415
522.80      3.2297
523.00      3.2178
523.20      3.2058
523.40      3.1937
523.60      3.1815
523.80      3.1691
524.00      3.1566
524.20      3.1439
524.40      3.1311
524.60      3.1181
524.80       3.105
525.00      3.0917
525.20      3.0783
525.40      3.0648
525.60      3.0511
525.80      3.0373
526.00      3.0235
526.20      3.0095
526.40      2.9955
526.60      2.9815
526.80      2.9674
527.00      2.9533
527.20      2.9392
527.40      2.9251
527.60       2.911
527.80      2.8969
528.00      2.8829
528.20       2.869
528.40      2.8551
528.60      2.8413
528.80      2.8276
529.00      2.8139
529.20      2.8004
529.40       2.787
529.60      2.7736
529.80      2.7604
530.00      2.7473
530.20      2.7343
530.40      2.7214
530.60      2.7086
530.80      2.6959
531.00      2.6833
531.20      2.6709
531.40      2.6585
531.60      2.6462
531.80       2.634
532.00      2.6219
532.20      2.6098
532.40      2.5978
532.60      2.5858
532.80      2.5739
533.00       2.562
533.20      2.5501
533.40      2.5382
533.60      2.5263
533.80      2.5144
534.00      2.5025
534.20      2.4905
534.40      2.4786
534.60      2.4666
534.80      2.4547
535.00      2.4427
535.20      2.4307
535.40      2.4187
535.60      2.4067
535.80      2.3947
536.00      2.3827
536.20      2.3707
536.40      2.3588
536.60      2.3469
536.80       2.335
537.00      2.3231
537.20      2.3113
537.40      2.2995
537.60      2.2877
537.80       2.276
538.00      2.2643
538.20      2.2526
538.40      2.2409
538.60      2.2292
538.80      2.2176
539.00      2.2059
539.20      2.1943
539.40      2.1827
539.60      2.1711
539.80      2.1595
540.00      2.1479
540.20      2.1364
540.40      2.1249
540.60      2.1135
540.80      2.1021
541.00      2.0908
541.20      2.0795
541.40      2.0683
541.60      2.0571
541.80       2.046
542.00       2.035
542.20       2.024
542.40      2.0131
542.60      2.0022
542.80      1.9915
543.00      1.9807
543.20      1.9701
543.40      1.9594
543.60      1.9488
543.80      1.9383
544.00      1.9277
544.20      1.9172
544.40      1.9067
544.60      1.8962
544.80      1.8857
545.00      1.8752
545.20      1.8648
545.40      1.8544
545.60      1.8441
545.80      1.8339
546.00      1.8238
546.20      1.8138
546.40       1.804
546.60      1.7944
546.80      1.7849
547.00      1.7757
547.20      1.7666
547.40      1.7576
547.60      1.7489
547.80      1.7402
548.00      1.7317
548.20      1.7234
548.40      1.7151
548.60      1.7069
548.80      1.6988
549.00      1.6908
549.20      1.6829
549.40       1.675
549.60      1.6672
549.80      1.6594
550.00      1.6516
550.20      1.6439
550.40      1.6363
550.60      1.6287
550.80      1.6211
551.00      1.6135
551.20      1.6059
551.40      1.5984
551.60      1.5909
551.80      1.5833
552.00      1.5758
552.20      1.5683
552.40      1.5608
552.60      1.5533
552.80      1.5458
553.00      1.5383
553.20      1.5308
553.40      1.5233
553.60      1.5158
553.80      1.5083
554.00      1.5007
554.20      1.4932
554.40      1.4858
554.60      1.4783
554.80      1.4708
555.00      1.4634
555.20       1.456
555.40      1.4486
555.60      1.4412
555.80      1.4339
556.00      1.4267
556.20      1.4195
556.40      1.4123
556.60      1.4052
556.80      1.3982
557.00      1.3912
557.20      1.3844
557.40      1.3776
557.60      1.3709
557.80      1.3644
558.00       1.358
558.20      1.3518
558.40      1.3457
558.60      1.3398
558.80      1.3341
559.00      1.3286
559.20      1.3233
559.40      1.3181
559.60      1.3132
559.80      1.3085
560.00       1.304
560.20      1.2997
560.40      1.2956
560.60      1.2916
560.80      1.2879
561.00      1.2843
561.20       1.281
561.40      1.2777
561.60      1.2746
561.80      1.2717
562.00      1.2689
562.20      1.2661
562.40      1.2635
562.60      1.2609
562.80      1.2584
563.00      1.2559
563.20      1.2534
563.40       1.251
563.60      1.2485
563.80      1.2461
564.00      1.2437
564.20      1.2412
564.40      1.2388
564.60      1.2364
564.80      1.2339
565.00      1.2314
565.20      1.2289
565.40      1.2264
565.60      1.2239
565.80      1.2213
566.00      1.2187
566.20      1.2161
566.40      1.2134
566.60      1.2107
566.80      1.2079
567.00      1.2051
567.20      1.2022
567.40      1.1993
567.60      1.1963
567.80      1.1933
568.00      1.1902
568.20      1.1871
568.40      1.1839
568.60      1.1807
568.80      1.1775
569.00      1.1742
569.20      1.1709
569.40      1.1675
569.60      1.1641
569.80      1.1607
570.00      1.1572
570.20      1.1538
570.40      1.1504
570.60      1.1471
570.80      1.1438
571.00      1.1406
571.20      1.1374
571.40      1.1344
571.60      1.1314
571.80      1.1286
572.00      1.1259
572.20      1.1233
572.40      1.1208
572.60      1.1185
572.80      1.1163
573.00      1.1143
573.20      1.1124
573.40      1.1106
573.60       1.109
573.80      1.1075
574.00      1.1062
574.20       1.105
574.40      1.1039
574.60       1.103
574.80      1.1022
575.00      1.1015
575.20       1.101
575.40      1.1005
575.60      1.1002
575.80      1.0999
576.00      1.0997
576.20      1.0996
576.40      1.0995
576.60      1.0994
576.80      1.0994
577.00      1.0994
577.20      1.0994
577.40      1.0993
577.60      1.0993
577.80      1.0992
578.00      1.0991
578.20      1.0989
578.40      1.0987
578.60      1.0985
578.80      1.0982
579.00      1.0978
579.20      1.0974
579.40      1.0969
579.60      1.0964
579.80      1.0958
580.00      1.0952
580.20      1.0946
580.40      1.0939
580.60      1.0933
580.80      1.0928
581.00      1.0922
581.20      1.0917
581.40      1.0913
581.60      1.0909
581.80      1.0906
582.00      1.0903
582.20        1.09
582.40      1.0898
582.60      1.0897
582.80      1.0896
583.00      1.0896
583.20      1.0896
583.40      1.0896
583.60      1.0897
583.80      1.0898
584.00        1.09
584.20      1.0902
584.40      1.0905
584.60      1.0909
584.80      1.0913
585.00      1.0917
585.20      1.0922
585.40      1.0927
585.60      1.0933
585.80      1.0939
586.00      1.0946
586.20      1.0952
586.40      1.0959
586.60      1.0965
586.80      1.0971
587.00      1.0976
587.20      1.0981
587.40      1.0985
587.60      1.0989
587.80      1.0992
588.00      1.0995
588.20      1.0997
588.40      1.0999
588.60         1.1
588.80      1.1001
589.00      1.1002
589.20      1.1002
589.40      1.1003
589.60      1.1003
589.80      1.1003
590.00      1.1002
590.20      1.1002
590.40      1.1002
590.60      1.1001
590.80      1.1001
591.00         1.1
591.20         1.1
591.40      1.0999
591.60      1.0999
591.80      1.0998
592.00      1.0998
592.20      1.0998
592.40      1.0998
592.60      1.0998
592.80      1.0998
593.00      1.0998
593.20      1.0999
593.40         1.1
593.60      1.1001
593.80      1.1003
594.00      1.1005
594.20      1.1007
594.40       1.101
594.60      1.1014
594.80      1.1018
595.00      1.1022
595.20      1.1027
595.40      1.1032
595.60      1.1038
595.80      1.1043
596.00      1.1049
596.20      1.1055
596.40      1.1061
596.60      1.1066
596.80       1.107
597.00      1.1073
597.20      1.1075
597.40      1.1076
597.60      1.1075
597.80      1.1072
598.00      1.1068
598.20      1.1062
598.40      1.1054
598.60      1.1044
598.80      1.1033
599.00       1.102
599.20      1.1006
599.40      1.0991
599.60      1.0974
599.80      1.0957
600.00      1.0938
600.20       1.092
600.40      1.0901
600.60      1.0882
600.80      1.0863
601.00      1.0844
601.20      1.0826
601.40      1.0808
601.60      1.0791
601.80      1.0774
602.00      1.0758
602.20      1.0743
602.40      1.0729
602.60      1.0714
602.80        1.07
603.00      1.0687
603.20      1.0673
603.40      1.0659
603.60      1.0645
603.80      1.0631
604.00      1.0616
604.20      1.0601
604.40      1.0586
604.60      1.0571
604.80      1.0555
605.00       1.054
605.20      1.0524
605.40      1.0509
605.60      1.0493
605.80      1.0478
606.00      1.0463
606.20      1.0449
606.40      1.0435
606.60      1.0421
606.80      1.0408
607.00      1.0395
607.20      1.0383
607.40      1.0372
607.60      1.0361
607.80      1.0351
608.00      1.0341
608.20      1.0332
608.40      1.0323
608.60      1.0314
608.80      1.0306
609.00      1.0297
609.20      1.0289
609.40       1.028
609.60       1.027
609.80       1.026
610.00      1.0249
610.20      1.0237
610.40      1.0224
610.60       1.021
610.80      1.0196
611.00       1.018
611.20      1.0164
611.40      1.0147
611.60      1.0129
611.80      1.0111
612.00      1.0092
612.20      1.0072
612.40      1.0052
612.60      1.0032
612.80      1.0012
613.00     0.99917
613.20     0.99712
613.40     0.99506
613.60     0.99299
613.80     0.99093
614.00     0.98888
614.20     0.98685
614.40     0.98485
614.60     0.98288
614.80     0.98096
615.00     0.97909
615.20     0.97727
615.40      0.9755
615.60     0.97379
615.80     0.97213
616.00     0.97054
616.20     0.96899
616.40     0.96749
616.60     0.96602
616.80     0.96459
617.00     0.96319
617.20      0.9618
617.40     0.96041
617.60       0.959
617.80     0.95755
618.00     0.95604
618.20     0.95447
618.40     0.95281
618.60     0.95106
618.80     0.94923
619.00     0.94731
619.20     0.94531
619.40     0.94322
619.60     0.94107
619.80     0.93886
620.00      0.9366
620.20     0.93432
620.40     0.93203
620.60     0.92974
620.80     0.92748
621.00     0.92524
621.20     0.92305
621.40     0.92092
621.60     0.91885
621.80     0.91685
622.00     0.91493
622.20     0.91308
622.40     0.91131
622.60      0.9096
622.80     0.90795
623.00     0.90635
623.20     0.90479
623.40     0.90327
623.60     0.90177
623.80      0.9003
624.00     0.89884
624.20     0.89737
624.40     0.89588
624.60     0.89437
624.80     0.89282
625.00     0.89125
625.20     0.88965
625.40     0.88804
625.60     0.88642
625.80      0.8848
626.00     0.88319
626.20     0.88161
626.40     0.88007
626.60     0.87859
626.80     0.87718
627.00     0.87585
627.20     0.87462
627.40      0.8735
627.60      0.8725
627.80     0.87162
628.00     0.87087
628.20     0.87023
628.40     0.86971
628.60     0.86931
628.80     0.86902
629.00     0.86885
629.20     0.86878
629.40     0.86884
629.60     0.86901
629.80     0.86929
630.00      0.8697
630.20     0.87024
630.40     0.87092
630.60     0.87173
630.80     0.87269
631.00     0.87378
631.20     0.87503
631.40     0.87641
631.60     0.87793
631.80     0.87957
632.00     0.88134
632.20     0.88322
632.40     0.88522
632.60     0.88733
632.80     0.88953
633.00     0.89182
633.20     0.89418
633.40     0.89661
633.60     0.89908
633.80     0.90159
634.00     0.90412
634.20     0.90667
634.40      0.9092
634.60     0.91172
634.80     0.91421
635.00     0.91665
635.20     0.91903
635.40     0.92135
635.60     0.92361
635.80      0.9258
636.00     0.92791
636.20     0.92996
636.40     0.93195
636.60     0.93388
636.80     0.93576
637.00      0.9376
637.20      0.9394
637.40     0.94116
637.60      0.9429
637.80     0.94461
638.00     0.94631
638.20       0.948
638.40     0.94967
638.60     0.95133
638.80       0.953
639.00     0.95466
639.20     0.95633
639.40       0.958
639.60     0.95967
639.80     0.96135
640.00     0.96303
640.20     0.96472
640.40     0.96641
640.60      0.9681
640.80     0.96978
641.00     0.97146
641.20     0.97314
641.40      0.9748
641.60     0.97646
641.80     0.97809
642.00     0.97972
642.20     0.98135
642.40     0.98297
642.60      0.9846
642.80     0.98623
643.00     0.98788
643.20     0.98954
643.40     0.99125
643.60       0.993
643.80     0.99481
644.00     0.99669
644.20     0.99864
644.40      1.0007
644.60      1.0028
644.80       1.005
645.00      1.0073
645.20      1.0097
645.40      1.0122
645.60      1.0148
645.80      1.0175
646.00      1.0202
646.20       1.023
646.40      1.0259
646.60      1.0287
646.80      1.0316
647.00      1.0345
647.20      1.0373
647.40      1.0402
647.60      1.0431
647.80      1.0459
648.00      1.0487
648.20      1.0515
648.40      1.0542
648.60       1.057
648.80      1.0597
649.00      1.0624
649.20       1.065
649.40      1.0677
649.60      1.0704
649.80       1.073
650.00      1.0757
650.20      1.0784
650.40       1.081
650.60      1.0836
650.80      1.0862
651.00      1.0888
651.20      1.0913
651.40      1.0938
651.60      1.0962
651.80      1.0986
652.00      1.1009
652.20      1.1031
652.40      1.1053
652.60      1.1073
652.80      1.1093
653.00      1.1111
653.20      1.1129
653.40      1.1145
653.60      1.1161
653.80      1.1176
654.00      1.1189
654.20      1.1202
654.40      1.1214
654.60      1.1225
654.80      1.1235
655.00      1.1244
655.20      1.1253
655.40      1.1261
655.60      1.1269
655.80      1.1276
656.00      1.1282
656.20      1.1288
656.40      1.1293
656.60      1.1298
656.80      1.1303
657.00      1.1308
657.20      1.1314
657.40      1.1319
657.60      1.1325
657.80      1.1332
658.00      1.1338
658.20      1.1346
658.40      1.1354
658.60      1.1363
658.80      1.1372
659.00      1.1382
659.20      1.1392
659.40      1.1402
659.60      1.1413
659.80      1.1424
660.00      1.1435
660.20      1.1446
660.40      1.1458
660.60       1.147
660.80      1.1481
661.00      1.1493
661.20      1.1504
661.40      1.1515
661.60      1.1526
661.80      1.1537
662.00      1.1547
662.20      1.1557
662.40      1.1566
662.60      1.1575
662.80      1.1583
663.00      1.1591
663.20      1.1598
663.40      1.1605
663.60      1.1611
663.80      1.1617
664.00      1.1623
664.20      1.1629
664.40      1.1635
664.60      1.1641
664.80      1.1646
665.00      1.1651
665.20      1.1656
665.40       1.166
665.60      1.1663
665.80      1.1665
666.00      1.1665
666.20      1.1665
666.40      1.1663
666.60      1.1659
666.80      1.1654
667.00      1.1647
667.20      1.1639
667.40      1.1629
667.60      1.1619
667.80      1.1607
668.00      1.1594
668.20       1.158
668.40      1.1566
668.60      1.1551
668.80      1.1536
669.00      1.1521
669.20      1.1505
669.40       1.149
669.60      1.1474
669.80      1.1459
670.00      1.1443
670.20      1.1428
670.40      1.1414
670.60      1.1399
670.80      1.1386
671.00      1.1373
671.20      1.1361
671.40      1.1349
671.60      1.1338
671.80      1.1329
672.00       1.132
672.20      1.1311
672.40      1.1303
672.60      1.1296
672.80      1.1289
673.00      1.1283
673.20      1.1276
673.40       1.127
673.60      1.1263
673.80      1.1257
674.00      1.1251
674.20      1.1245
674.40      1.1239
674.60      1.1233
674.80      1.1228
675.00      1.1223
675.20      1.1218
675.40      1.1213
675.60      1.1209
675.80      1.1204
676.00      1.1199
676.20      1.1194
676.40      1.1189
676.60      1.1183
676.80      1.1177
677.00       1.117
677.20      1.1163
677.40      1.1154
677.60      1.1146
677.80      1.1136
678.00      1.1127
678.20      1.1116
678.40      1.1106
678.60      1.1095
678.80      1.1084
679.00      1.1073
679.20      1.1062
679.40       1.105
679.60      1.1039
679.80      1.1028
680.00      1.1017
680.20      1.1006
680.40      1.0995
680.60      1.0984
680.80      1.0973
681.00      1.0963
681.20      1.0953
681.40      1.0942
681.60      1.0932
681.80      1.0923
682.00      1.0914
682.20      1.0905
682.40      1.0897
682.60      1.0889
682.80      1.0882
683.00      1.0875
683.20      1.0868
683.40      1.0862
683.60      1.0857
683.80      1.0852
684.00      1.0848
684.20      1.0846
684.40      1.0844
684.60      1.0843
684.80      1.0844
685.00      1.0845
685.20      1.0847
685.40       1.085
685.60      1.0854
685.80      1.0858
686.00      1.0861
686.20      1.0865
686.40      1.0868
686.60       1.087
686.80      1.0871
687.00      1.0872
687.20      1.0871
687.40      1.0869
687.60      1.0866
687.80      1.0862
688.00      1.0856
688.20       1.085
688.40      1.0842
688.60      1.0833
688.80      1.0824
689.00      1.0814
689.20      1.0803
689.40      1.0792
689.60       1.078
689.80      1.0768
690.00      1.0755
690.20      1.0742
690.40      1.0729
690.60      1.0715
690.80      1.0702
691.00      1.0689
691.20      1.0677
691.40      1.0665
691.60      1.0654
691.80      1.0644
692.00      1.0635
692.20      1.0627
692.40       1.062
692.60      1.0614
692.80      1.0609
693.00      1.0605
693.20      1.0601
693.40      1.0599
693.60      1.0597
693.80      1.0595
694.00      1.0594
694.20      1.0594
694.40      1.0593
694.60      1.0593
694.80      1.0593
695.00      1.0593
695.20      1.0594
695.40      1.0594
695.60      1.0594
695.80      1.0595
696.00      1.0595
696.20      1.0596
696.40      1.0596
696.60      1.0596
696.80      1.0596
697.00      1.0597
697.20      1.0597
697.40      1.0597
697.60      1.0597
697.80      1.0597
698.00      1.0597
698.20      1.0597
698.40      1.0598
698.60      1.0598
698.80      1.0598
699.00      1.0599
699.20        1.06
699.40      1.0601
699.60      1.0602
699.80      1.0604
700.00      1.0606
700.20      1.0608
700.40      1.0611
700.60      1.0614
700.80      1.0618
701.00      1.0621
701.20      1.0626
701.40       1.063
701.60      1.0635
701.80       1.064
702.00      1.0645
702.20       1.065
702.40      1.0655
702.60      1.0658
702.80      1.0662
703.00      1.0664
703.20      1.0666
703.40      1.0666
703.60      1.0666
703.80      1.0665
704.00      1.0663
704.20      1.0661
704.40      1.0659
704.60      1.0656
704.80      1.0652
705.00      1.0649
705.20      1.0645
705.40      1.0641
705.60      1.0637
705.80      1.0633
706.00       1.063
706.20      1.0626
706.40      1.0622
706.60      1.0619
706.80      1.0615
707.00      1.0612
707.20      1.0608
707.40      1.0605
707.60        1.06
707.80      1.0596
708.00      1.0591
708.20      1.0585
708.40      1.0579
708.60      1.0572
708.80      1.0563
709.00      1.0554
709.20      1.0545
709.40      1.0534
709.60      1.0522
709.80      1.0509
710.00      1.0496
710.20      1.0481
710.40      1.0466
710.60      1.0449
710.80      1.0431
711.00      1.0412
711.20      1.0392
711.40      1.0371
711.60      1.0349
711.80      1.0326
712.00      1.0302
712.20      1.0277
712.40      1.0252
712.60      1.0226
712.80      1.0201
713.00      1.0175
713.20      1.0149
713.40      1.0124
713.60        1.01
713.80      1.0077
714.00      1.0054
714.20      1.0033
714.40      1.0013
714.60     0.99939
714.80     0.99767
715.00      0.9961
715.20     0.99471
715.40     0.99348
715.60     0.99243
715.80     0.99154
716.00     0.99082
716.20     0.99026
716.40     0.98984
716.60     0.98957
716.80     0.98943
717.00     0.98942
717.20     0.98952
717.40     0.98973
717.60     0.99006
717.80     0.99048
718.00       0.991
718.20      0.9916
718.40     0.99229
718.60     0.99304
718.80     0.99386
719.00     0.99473
719.20     0.99562
719.40     0.99653
719.60     0.99745
719.80     0.99837
720.00      0.9993
