 0.20     0.90375
 0.40     0.90434
 0.60     0.90492
 0.80     0.90549
 1.00     0.90603
 1.20     0.90653
 1.40     0.90696
 1.60      0.9073
 1.80     0.90754
 2.00     0.90765
 2.20     0.90763
 2.40     0.90747
 2.60     0.90715
 2.80     0.90667
 3.00     0.90602
 3.20     0.90522
 3.40     0.90426
 3.60     0.90316
 3.80     0.90192
 4.00     0.90056
 4.20     0.89908
 4.40     0.89751
 4.60     0.89585
 4.80      0.8941
 5.00      0.8923
 5.20     0.89045
 5.40     0.88856
 5.60     0.88664
 5.80      0.8847
 6.00     0.88277
 6.20     0.88084
 6.40     0.87893
 6.60     0.87704
 6.80     0.87518
 7.00     0.87336
 7.20     0.87159
 7.40     0.86987
 7.60      0.8682
 7.80     0.86658
 8.00     0.86501
 8.20      0.8635
 8.40     0.86205
 8.60     0.86065
 8.80     0.85931
 9.00     0.85801
 9.20     0.85676
 9.40     0.85554
 9.60     0.85437
 9.80     0.85324
10.00     0.85216
10.20     0.85112
10.40     0.85012
10.60     0.84915
10.80     0.84821
11.00     0.84729
11.20     0.84639
11.40      0.8455
11.60     0.84464
11.80     0.84381
12.00     0.84301
12.20     0.84224
12.40     0.84149
12.60     0.84077
12.80     0.84005
13.00     0.83935
13.20     0.83863
13.40     0.83791
13.60     0.83716
13.80      0.8364
14.00     0.83561
14.20      0.8348
14.40     0.83397
14.60     0.83313
14.80     0.83227
15.00     0.83139
15.20     0.83048
15.40     0.82952
15.60     0.82852
15.80     0.82747
16.00     0.82635
16.20     0.82516
16.40     0.82389
16.60     0.82256
16.80     0.82116
17.00     0.81969
17.20     0.81814
17.40     0.81651
17.60      0.8148
17.80     0.81301
18.00     0.81115
18.20     0.80923
18.40     0.80726
18.60     0.80526
18.80     0.80323
19.00     0.80121
19.20     0.79921
19.40     0.79725
19.60     0.79534
19.80      0.7935
20.00     0.79175
20.20     0.79009
20.40     0.78855
20.60     0.78712
20.80     0.78581
21.00     0.78464
21.20      0.7836
21.40     0.78267
21.60     0.78186
21.80     0.78114
22.00     0.78051
22.20     0.77994
22.40     0.77943
22.60     0.77894
22.80     0.77848
23.00     0.77801
23.20     0.77754
23.40     0.77704
23.60     0.77651
23.80     0.77594
24.00     0.77533
24.20     0.77468
24.40       0.774
24.60      0.7733
24.80     0.77259
25.00      0.7719
25.20     0.77122
25.40     0.77057
25.60     0.76997
25.80     0.76941
26.00      0.7689
26.20     0.76846
26.40     0.76809
26.60      0.7678
26.80     0.76762
27.00     0.76754
27.20     0.76758
27.40     0.76774
27.60     0.76801
27.80     0.76838
28.00     0.76884
28.20     0.76936
28.40     0.76995
28.60     0.77059
28.80     0.77127
29.00     0.77198
29.20     0.77271
29.40     0.77345
29.60     0.77417
29.80     0.77487
30.00     0.77551
30.20     0.77608
30.40     0.77657
30.60     0.77696
30.80     0.77724
31.00     0.77742
31.20     0.77748
31.40     0.77744
31.60     0.77729
31.80     0.77705
32.00     0.77672
32.20     0.77631
32.40     0.77584
32.60     0.77533
32.80      0.7748
33.00     0.77429
33.20      0.7738
33.40     0.77336
33.60     0.77299
33.80     0.77269
34.00     0.77248
34.20     0.77236
34.40     0.77234
34.60     0.77242
34.80     0.77259
35.00     0.77285
35.20      0.7732
35.40     0.77362
35.60     0.77411
35.80     0.77465
36.00     0.77521
36.20     0.77578
36.40     0.77633
36.60     0.77686
36.80     0.77734
37.00     0.77777
37.20     0.77814
37.40     0.77845
37.60     0.77869
37.80     0.77887
38.00     0.77899
38.20     0.77904
38.40     0.77904
38.60     0.77898
38.80     0.77887
39.00     0.77871
39.20     0.77852
39.40      0.7783
39.60     0.77806
39.80     0.77781
40.00     0.77757
40.20     0.77735
40.40     0.77717
40.60     0.77705
40.80     0.77701
41.00     0.77709
41.20     0.77728
41.40     0.77763
41.60     0.77811
41.80     0.77874
42.00      0.7795
42.20     0.78039
42.40     0.78139
42.60      0.7825
42.80      0.7837
43.00     0.78498
43.20     0.78633
43.40     0.78772
43.60     0.78913
43.80     0.79056
44.00     0.79198
44.20     0.79338
44.40     0.79474
44.60     0.79605
44.80      0.7973
45.00      0.7985
45.20     0.79964
45.40     0.80073
45.60     0.80176
45.80     0.80275
46.00     0.80368
46.20     0.80457
46.40      0.8054
46.60     0.80616
46.80     0.80684
47.00     0.80745
47.20     0.80799
47.40     0.80845
47.60     0.80885
47.80     0.80919
48.00     0.80948
48.20     0.80972
48.40     0.80994
48.60     0.81013
48.80     0.81031
49.00     0.81048
49.20     0.81066
49.40     0.81086
49.60     0.81108
49.80     0.81133
50.00     0.81162
50.20     0.81195
50.40     0.81232
50.60     0.81275
50.80     0.81322
51.00     0.81373
51.20     0.81427
51.40     0.81485
51.60     0.81543
51.80       0.816
52.00     0.81656
52.20     0.81707
52.40     0.81755
52.60     0.81797
52.80     0.81835
53.00     0.81868
53.20     0.81896
53.40     0.81919
53.60     0.81939
53.80     0.81954
54.00     0.81967
54.20     0.81976
54.40     0.81984
54.60      0.8199
54.80     0.81996
55.00     0.82001
55.20     0.82007
55.40     0.82013
55.60     0.82022
55.80     0.82033
56.00     0.82047
56.20     0.82065
56.40     0.82087
56.60     0.82114
56.80     0.82145
57.00     0.82182
57.20     0.82224
57.40     0.82271
57.60     0.82323
57.80      0.8238
58.00      0.8244
58.20     0.82503
58.40     0.82565
58.60     0.82627
58.80     0.82685
59.00     0.82738
59.20     0.82785
59.40     0.82826
59.60      0.8286
59.80     0.82886
60.00     0.82903
60.20     0.82913
60.40     0.82914
60.60     0.82908
60.80     0.82892
61.00     0.82869
61.20     0.82839
61.40     0.82801
61.60     0.82756
61.80     0.82705
62.00      0.8265
62.20     0.82591
62.40      0.8253
62.60      0.8247
62.80     0.82412
63.00     0.82359
63.20     0.82312
63.40     0.82273
63.60     0.82243
63.80     0.82222
64.00     0.82211
64.20     0.82211
64.40      0.8222
64.60      0.8224
64.80      0.8227
65.00     0.82308
65.20     0.82355
65.40     0.82409
65.60     0.82468
65.80      0.8253
66.00     0.82594
66.20     0.82657
66.40     0.82717
66.60     0.82774
66.80     0.82827
67.00     0.82873
67.20     0.82915
67.40     0.82949
67.60     0.82978
67.80     0.82999
68.00     0.83013
68.20      0.8302
68.40      0.8302
68.60     0.83011
68.80     0.82994
69.00     0.82969
69.20     0.82935
69.40     0.82892
69.60     0.82839
69.80     0.82777
70.00     0.82706
70.20     0.82626
70.40     0.82537
70.60     0.82441
70.80     0.82339
71.00     0.82232
71.20     0.82123
71.40     0.82013
71.60     0.81903
71.80     0.81794
72.00     0.81688
72.20     0.81587
72.40     0.81492
72.60     0.81404
72.80     0.81324
73.00     0.81253
73.20     0.81191
73.40     0.81137
73.60     0.81092
73.80     0.81054
74.00     0.81023
74.20     0.80999
74.40     0.80981
74.60     0.80968
74.80     0.80959
75.00     0.80954
75.20     0.80952
75.40     0.80953
75.60     0.80957
75.80     0.80962
76.00     0.80968
76.20     0.80976
76.40     0.80984
76.60     0.80992
76.80     0.81001
77.00      0.8101
77.20     0.81018
77.40     0.81025
77.60     0.81031
77.80     0.81036
78.00     0.81039
78.20     0.81039
78.40     0.81037
78.60     0.81032
78.80     0.81024
79.00     0.81011
79.20     0.80994
79.40     0.80971
79.60     0.80942
79.80     0.80907
80.00     0.80865
80.20     0.80815
80.40     0.80758
80.60     0.80693
80.80     0.80621
81.00     0.80542
81.20     0.80457
81.40     0.80367
81.60     0.80272
81.80     0.80174
82.00     0.80073
82.20     0.79968
82.40      0.7986
82.60     0.79749
82.80     0.79635
83.00     0.79518
83.20     0.79398
83.40     0.79278
83.60     0.79158
83.80     0.79039
84.00      0.7892
84.20     0.78803
84.40     0.78687
84.60     0.78574
84.80     0.78464
85.00     0.78359
85.20      0.7826
85.40     0.78167
85.60      0.7808
85.80        0.78
86.00     0.77926
86.20      0.7786
86.40       0.778
86.60     0.77747
86.80     0.77702
87.00     0.77665
87.20     0.77638
87.40     0.77621
87.60     0.77616
87.80     0.77625
88.00     0.77647
88.20     0.77684
88.40     0.77733
88.60     0.77793
88.80     0.77863
89.00     0.77939
89.20     0.78022
89.40     0.78108
89.60     0.78195
89.80     0.78282
90.00     0.78367
90.20     0.78447
90.40      0.7852
90.60     0.78582
90.80     0.78634
91.00     0.78672
91.20     0.78697
91.40     0.78707
91.60     0.78702
91.80     0.78683
92.00     0.78649
92.20     0.78601
92.40      0.7854
92.60     0.78467
92.80     0.78384
93.00     0.78293
93.20     0.78197
93.40     0.78097
93.60     0.77993
93.80     0.77889
94.00     0.77784
94.20     0.77681
94.40     0.77581
94.60     0.77486
94.80     0.77398
95.00     0.77317
95.20     0.77244
95.40     0.77179
95.60     0.77123
95.80     0.77074
96.00     0.77033
96.20        0.77
96.40     0.76973
96.60     0.76952
96.80     0.76938
97.00     0.76929
97.20     0.76925
97.40     0.76927
97.60     0.76933
97.80     0.76945
98.00     0.76961
98.20     0.76982
98.40     0.77007
98.60     0.77038
98.80     0.77074
99.00     0.77115
99.20     0.77162
99.40     0.77213
99.60     0.77269
99.80     0.77329
100.00     0.77392
100.20     0.77458
100.40     0.77524
100.60     0.77589
100.80     0.77652
101.00     0.77711
101.20     0.77766
101.40     0.77815
101.60      0.7786
101.80     0.77899
102.00     0.77934
102.20     0.77964
102.40     0.77989
102.60      0.7801
102.80     0.78027
103.00     0.78041
103.20     0.78052
103.40     0.78059
103.60     0.78064
103.80     0.78066
104.00     0.78066
104.20     0.78063
104.40     0.78058
104.60      0.7805
104.80      0.7804
105.00     0.78026
105.20     0.78009
105.40     0.77988
105.60     0.77963
105.80     0.77935
106.00     0.77902
106.20     0.77864
106.40     0.77821
106.60     0.77774
106.80     0.77723
107.00     0.77668
107.20      0.7761
107.40     0.77549
107.60     0.77488
107.80     0.77428
108.00     0.77371
108.20     0.77317
108.40     0.77268
108.60     0.77223
108.80     0.77182
109.00     0.77146
109.20     0.77114
109.40     0.77086
109.60      0.7706
109.80     0.77037
110.00     0.77015
110.20     0.76993
110.40     0.76972
110.60     0.76949
110.80     0.76925
111.00     0.76898
111.20     0.76867
111.40     0.76833
111.60     0.76795
111.80     0.76752
112.00     0.76705
112.20     0.76654
112.40     0.76598
112.60      0.7654
112.80      0.7648
113.00      0.7642
113.20     0.76361
113.40     0.76307
113.60     0.76258
113.80     0.76215
114.00      0.7618
114.20     0.76152
114.40     0.76133
114.60     0.76123
114.80     0.76121
115.00     0.76129
115.20     0.76145
115.40      0.7617
115.60     0.76203
115.80     0.76245
116.00     0.76293
116.20     0.76348
116.40     0.76407
116.60      0.7647
116.80     0.76534
117.00     0.76599
117.20     0.76662
117.40     0.76724
117.60     0.76783
117.80     0.76841
118.00     0.76897
118.20     0.76952
118.40     0.77006
118.60      0.7706
118.80     0.77114
119.00     0.77169
119.20     0.77225
119.40     0.77282
119.60      0.7734
119.80     0.77399
120.00     0.77458
120.20     0.77516
120.40     0.77572
120.60     0.77624
120.80      0.7767
121.00     0.77708
121.20     0.77739
121.40     0.77761
121.60     0.77774
121.80     0.77778
122.00     0.77773
122.20     0.77759
122.40     0.77737
122.60     0.77708
122.80     0.77673
123.00     0.77633
123.20      0.7759
123.40     0.77545
123.60     0.77503
123.80     0.77463
124.00     0.77428
124.20     0.77399
124.40     0.77376
124.60     0.77359
124.80     0.77349
125.00     0.77344
125.20     0.77343
125.40     0.77346
125.60      0.7735
125.80     0.77354
126.00     0.77355
126.20     0.77352
126.40     0.77344
126.60      0.7733
126.80      0.7731
127.00     0.77287
127.20      0.7726
127.40     0.77231
127.60     0.77202
127.80     0.77174
128.00     0.77146
128.20     0.77119
128.40     0.77095
128.60     0.77072
128.80     0.77051
129.00     0.77033
129.20     0.77016
129.40     0.77002
129.60     0.76989
129.80     0.76979
130.00      0.7697
130.20     0.76964
130.40     0.76959
130.60     0.76956
130.80     0.76955
131.00     0.76956
131.20     0.76959
131.40     0.76965
131.60     0.76973
131.80     0.76985
132.00        0.77
132.20     0.77018
132.40      0.7704
132.60     0.77067
132.80     0.77098
133.00     0.77134
133.20     0.77175
133.40      0.7722
133.60      0.7727
133.80     0.77324
134.00     0.77382
134.20     0.77442
134.40     0.77503
134.60     0.77563
134.80     0.77621
135.00     0.77676
135.20     0.77728
135.40     0.77776
135.60      0.7782
135.80     0.77861
136.00     0.77899
136.20     0.77935
136.40     0.77969
136.60     0.78002
136.80     0.78035
137.00     0.78069
137.20     0.78104
137.40     0.78142
137.60     0.78182
137.80     0.78226
138.00     0.78273
138.20     0.78323
138.40     0.78377
138.60     0.78434
138.80     0.78492
139.00     0.78551
139.20     0.78608
139.40     0.78663
139.60     0.78714
139.80     0.78761
140.00     0.78803
140.20      0.7884
140.40     0.78871
140.60     0.78899
140.80     0.78921
141.00      0.7894
141.20     0.78955
141.40     0.78968
141.60     0.78978
141.80     0.78986
142.00     0.78993
142.20     0.79001
142.40     0.79008
142.60     0.79017
142.80     0.79027
143.00      0.7904
143.20     0.79056
143.40     0.79075
143.60     0.79099
143.80     0.79128
144.00     0.79161
144.20       0.792
144.40     0.79244
144.60     0.79294
144.80     0.79348
145.00     0.79407
145.20     0.79468
145.40     0.79532
145.60     0.79595
145.80     0.79657
146.00     0.79717
146.20     0.79773
146.40     0.79827
146.60     0.79876
146.80     0.79922
147.00     0.79964
147.20     0.80004
147.40      0.8004
147.60     0.80073
147.80     0.80104
148.00     0.80132
148.20     0.80158
148.40     0.80181
148.60     0.80202
148.80      0.8022
149.00     0.80233
149.20     0.80242
149.40     0.80245
149.60     0.80242
149.80      0.8023
150.00     0.80212
150.20     0.80187
150.40     0.80156
150.60     0.80119
150.80     0.80078
151.00     0.80033
151.20     0.79983
151.40     0.79928
151.60      0.7987
151.80     0.79808
152.00     0.79743
152.20     0.79675
152.40     0.79606
152.60     0.79535
152.80     0.79465
153.00     0.79399
153.20     0.79336
153.40     0.79279
153.60     0.79228
153.80     0.79184
154.00     0.79147
154.20     0.79117
154.40     0.79095
154.60      0.7908
154.80     0.79071
155.00     0.79069
155.20     0.79074
155.40     0.79084
155.60       0.791
155.80      0.7912
156.00     0.79144
156.20     0.79171
156.40       0.792
156.60      0.7923
156.80      0.7926
157.00     0.79287
157.20     0.79311
157.40     0.79329
157.60      0.7934
157.80     0.79343
158.00     0.79338
158.20     0.79325
158.40     0.79306
158.60     0.79283
158.80     0.79257
159.00     0.79228
159.20       0.792
159.40     0.79171
159.60     0.79144
159.80     0.79117
160.00     0.79092
160.20     0.79069
160.40     0.79048
160.60     0.79029
160.80     0.79012
161.00     0.78997
161.20     0.78983
161.40     0.78971
161.60     0.78961
161.80     0.78953
162.00     0.78946
162.20     0.78941
162.40     0.78938
162.60     0.78937
162.80     0.78938
163.00     0.78942
163.20     0.78949
163.40      0.7896
163.60     0.78974
163.80     0.78993
164.00     0.79017
164.20     0.79046
164.40     0.79082
164.60     0.79124
164.80     0.79173
165.00     0.79229
165.20     0.79292
165.40     0.79363
165.60     0.79441
165.80     0.79524
166.00     0.79613
166.20     0.79704
166.40     0.79797
166.60     0.79892
166.80     0.79985
167.00     0.80079
167.20      0.8017
167.40     0.80259
167.60     0.80345
167.80     0.80425
168.00       0.805
168.20     0.80566
168.40     0.80623
168.60     0.80669
168.80     0.80704
169.00     0.80726
169.20     0.80737
169.40     0.80737
169.60     0.80724
169.80     0.80702
170.00      0.8067
170.20      0.8063
170.40     0.80583
170.60     0.80532
170.80     0.80478
171.00     0.80424
171.20     0.80372
171.40     0.80321
171.60     0.80273
171.80     0.80228
172.00     0.80186
172.20     0.80147
172.40      0.8011
172.60     0.80075
172.80     0.80042
173.00     0.80009
173.20     0.79976
173.40     0.79942
173.60     0.79906
173.80     0.79868
174.00     0.79826
174.20     0.79782
174.40     0.79733
174.60     0.79681
174.80     0.79625
175.00     0.79566
175.20     0.79505
175.40     0.79443
175.60     0.79382
175.80     0.79323
176.00     0.79267
176.20     0.79215
176.40     0.79167
176.60     0.79124
176.80     0.79085
177.00     0.79051
177.20     0.79021
177.40     0.78995
177.60     0.78972
177.80     0.78953
178.00     0.78938
178.20     0.78925
178.40     0.78915
178.60     0.78908
178.80     0.78904
179.00     0.78904
179.20     0.78906
179.40     0.78912
179.60     0.78922
179.80     0.78937
180.00     0.78957
180.20     0.78982
180.40     0.79014
180.60     0.79054
180.80     0.79101
181.00     0.79156
181.20     0.79221
181.40     0.79295
181.60     0.79378
181.80     0.79471
182.00     0.79572
182.20     0.79682
182.40     0.79798
182.60     0.79919
182.80     0.80044
183.00     0.80172
183.20     0.80303
183.40     0.80434
183.60     0.80565
183.80     0.80694
184.00     0.80818
184.20     0.80938
184.40     0.81052
184.60     0.81159
184.80     0.81258
185.00     0.81347
185.20     0.81427
185.40     0.81494
185.60     0.81548
185.80     0.81588
186.00     0.81614
186.20     0.81626
186.40     0.81624
186.60     0.81611
186.80     0.81586
187.00     0.81552
187.20     0.81511
187.40     0.81465
187.60     0.81417
187.80     0.81371
188.00     0.81328
188.20      0.8129
188.40     0.81259
188.60     0.81235
188.80      0.8122
189.00     0.81215
189.20     0.81219
189.40     0.81234
189.60     0.81259
189.80     0.81294
190.00     0.81339
190.20     0.81394
190.40     0.81455
190.60     0.81524
190.80     0.81597
191.00     0.81673
191.20     0.81752
191.40     0.81832
191.60     0.81913
191.80     0.81995
192.00     0.82077
192.20     0.82159
192.40     0.82242
192.60     0.82324
192.80     0.82405
193.00     0.82484
193.20     0.82559
193.40      0.8263
193.60     0.82696
193.80     0.82758
194.00     0.82815
194.20     0.82867
194.40     0.82916
194.60     0.82963
194.80     0.83007
195.00     0.83051
195.20     0.83095
195.40     0.83139
195.60     0.83185
195.80     0.83233
196.00     0.83283
196.20     0.83337
196.40     0.83392
196.60     0.83451
196.80      0.8351
197.00      0.8357
197.20     0.83628
197.40     0.83684
197.60     0.83735
197.80     0.83782
198.00     0.83825
198.20     0.83862
198.40     0.83894
198.60     0.83921
198.80     0.83944
199.00     0.83962
199.20     0.83976
199.40     0.83987
199.60     0.83994
199.80     0.83999
200.00     0.84002
200.20     0.84003
200.40     0.84002
200.60     0.84001
200.80        0.84
201.00     0.83998
201.20     0.83998
201.40     0.83998
201.60        0.84
201.80     0.84003
202.00     0.84009
202.20     0.84018
202.40      0.8403
202.60     0.84046
202.80     0.84067
203.00     0.84091
203.20     0.84121
203.40     0.84155
203.60     0.84194
203.80     0.84239
204.00     0.84288
204.20     0.84341
204.40     0.84398
204.60     0.84457
204.80     0.84516
205.00     0.84574
205.20      0.8463
205.40     0.84682
205.60     0.84729
205.80     0.84771
206.00     0.84809
206.20     0.84841
206.40     0.84868
206.60     0.84892
206.80     0.84912
207.00     0.84928
207.20     0.84943
207.40     0.84956
207.60     0.84969
207.80     0.84983
208.00     0.84998
208.20     0.85015
208.40     0.85036
208.60     0.85062
208.80     0.85093
209.00      0.8513
209.20     0.85174
209.40     0.85227
209.60     0.85287
209.80     0.85356
210.00     0.85434
210.20      0.8552
210.40     0.85613
210.60     0.85712
210.80     0.85815
211.00     0.85921
211.20     0.86028
211.40     0.86134
211.60     0.86239
211.80      0.8634
212.00     0.86436
212.20     0.86526
212.40     0.86609
212.60     0.86685
212.80     0.86755
213.00     0.86819
213.20     0.86877
213.40     0.86932
213.60     0.86983
213.80     0.87033
214.00     0.87083
214.20     0.87133
214.40     0.87185
214.60      0.8724
214.80     0.87299
215.00     0.87361
215.20     0.87429
215.40     0.87501
215.60     0.87576
215.80     0.87655
216.00     0.87736
216.20     0.87819
216.40     0.87905
216.60     0.87992
216.80     0.88083
217.00     0.88176
217.20     0.88272
217.40     0.88372
217.60     0.88474
217.80     0.88579
218.00     0.88685
218.20     0.88792
218.40     0.88899
218.60     0.89006
218.80     0.89114
219.00     0.89221
219.20     0.89329
219.40     0.89436
219.60     0.89541
219.80     0.89645
220.00     0.89745
220.20     0.89843
220.40     0.89937
220.60     0.90028
220.80     0.90116
221.00       0.902
221.20     0.90282
221.40     0.90361
221.60     0.90436
221.80     0.90506
222.00     0.90571
222.20      0.9063
222.40     0.90681
222.60     0.90726
222.80     0.90764
223.00     0.90797
223.20     0.90824
223.40     0.90848
223.60     0.90869
223.80     0.90889
224.00     0.90908
224.20      0.9093
224.40     0.90955
224.60     0.90986
224.80     0.91023
225.00      0.9107
225.20     0.91127
225.40     0.91197
225.60     0.91281
225.80     0.91381
226.00     0.91497
226.20     0.91631
226.40     0.91783
226.60     0.91951
226.80     0.92136
227.00     0.92337
227.20     0.92551
227.40     0.92777
227.60     0.93014
227.80     0.93259
228.00     0.93511
228.20     0.93767
228.40     0.94024
228.60      0.9428
228.80     0.94534
229.00     0.94781
229.20     0.95019
229.40     0.95248
229.60     0.95464
229.80     0.95666
230.00     0.95853
230.20     0.96026
230.40     0.96183
230.60     0.96324
230.80     0.96449
231.00     0.96558
231.20     0.96651
231.40      0.9673
231.60     0.96797
231.80     0.96852
232.00     0.96898
232.20     0.96938
232.40     0.96972
232.60     0.97004
232.80     0.97036
233.00      0.9707
233.20     0.97109
233.40     0.97154
233.60     0.97208
233.80     0.97272
234.00     0.97348
234.20     0.97439
234.40     0.97544
234.60     0.97665
234.80     0.97801
235.00     0.97952
235.20     0.98118
235.40     0.98299
235.60     0.98494
235.80     0.98702
236.00     0.98922
236.20     0.99154
236.40     0.99396
236.60     0.99647
236.80     0.99906
237.00      1.0017
237.20      1.0045
237.40      1.0072
237.60        1.01
237.80      1.0129
238.00      1.0157
238.20      1.0185
238.40      1.0214
238.60      1.0242
238.80      1.0269
239.00      1.0296
239.20      1.0323
239.40      1.0349
239.60      1.0374
239.80      1.0399
240.00      1.0424
240.20      1.0448
240.40      1.0472
240.60      1.0495
240.80      1.0518
241.00      1.0541
241.20      1.0564
241.40      1.0586
241.60      1.0609
241.80      1.0632
242.00      1.0655
242.20      1.0678
242.40      1.0701
242.60      1.0725
242.80      1.0748
243.00      1.0772
243.20      1.0797
243.40      1.0821
243.60      1.0845
243.80       1.087
244.00      1.0894
244.20      1.0919
244.40      1.0943
244.60      1.0967
244.80      1.0991
245.00      1.1014
245.20      1.1037
245.40      1.1059
245.60       1.108
245.80      1.1101
246.00      1.1121
246.20      1.1141
246.40       1.116
246.60      1.1179
246.80      1.1198
247.00      1.1216
247.20      1.1234
247.40      1.1252
247.60       1.127
247.80      1.1289
248.00      1.1307
248.20      1.1326
248.40      1.1345
248.60      1.1365
248.80      1.1385
249.00      1.1405
249.20      1.1426
249.40      1.1447
249.60      1.1469
249.80      1.1491
250.00      1.1514
250.20      1.1538
250.40      1.1562
250.60      1.1588
250.80      1.1614
251.00      1.1642
251.20       1.167
251.40        1.17
251.60      1.1731
251.80      1.1764
252.00      1.1798
252.20      1.1833
252.40       1.187
252.60      1.1908
252.80      1.1947
253.00      1.1987
253.20      1.2029
253.40       1.207
253.60      1.2113
253.80      1.2156
254.00      1.2199
254.20      1.2242
254.40      1.2285
254.60      1.2328
254.80       1.237
255.00      1.2412
255.20      1.2453
255.40      1.2493
255.60      1.2532
255.80      1.2571
256.00      1.2608
256.20      1.2643
256.40      1.2678
256.60      1.2711
256.80      1.2744
257.00      1.2775
257.20      1.2805
257.40      1.2835
257.60      1.2863
257.80      1.2892
258.00      1.2919
258.20      1.2946
258.40      1.2973
258.60         1.3
258.80      1.3027
259.00      1.3053
259.20       1.308
259.40      1.3107
259.60      1.3134
259.80      1.3161
260.00      1.3188
260.20      1.3215
260.40      1.3242
260.60       1.327
260.80      1.3298
261.00      1.3326
261.20      1.3354
261.40      1.3383
261.60      1.3412
261.80      1.3441
262.00      1.3469
262.20      1.3498
262.40      1.3527
262.60      1.3556
262.80      1.3585
263.00      1.3613
263.20      1.3641
263.40      1.3668
263.60      1.3696
263.80      1.3723
264.00      1.3749
264.20      1.3776
264.40      1.3803
264.60       1.383
264.80      1.3857
265.00      1.3885
265.20      1.3914
265.40      1.3944
265.60      1.3976
265.80      1.4008
266.00      1.4043
266.20      1.4079
266.40      1.4117
266.60      1.4158
266.80        1.42
267.00      1.4245
267.20      1.4293
267.40      1.4343
267.60      1.4395
267.80       1.445
268.00      1.4508
268.20      1.4568
268.40      1.4631
268.60      1.4696
268.80      1.4763
269.00      1.4833
269.20      1.4904
269.40      1.4977
269.60      1.5052
269.80      1.5127
270.00      1.5204
270.20      1.5281
270.40      1.5358
270.60      1.5436
270.80      1.5513
271.00       1.559
271.20      1.5667
271.40      1.5742
271.60      1.5817
271.80      1.5891
272.00      1.5964
272.20      1.6036
272.40      1.6106
272.60      1.6175
272.80      1.6243
273.00       1.631
273.20      1.6376
273.40       1.644
273.60      1.6504
273.80      1.6567
274.00      1.6628
274.20      1.6689
274.40       1.675
274.60      1.6809
274.80      1.6868
275.00      1.6927
275.20      1.6985
275.40      1.7043
275.60      1.7101
275.80      1.7159
276.00      1.7217
276.20      1.7276
276.40      1.7334
276.60      1.7392
276.80      1.7451
277.00      1.7509
277.20      1.7568
277.40      1.7626
277.60      1.7685
277.80      1.7744
278.00      1.7802
278.20      1.7861
278.40      1.7919
278.60      1.7977
278.80      1.8035
279.00      1.8094
279.20      1.8153
279.40      1.8211
279.60      1.8271
279.80      1.8331
280.00      1.8392
280.20      1.8454
280.40      1.8517
280.60      1.8582
280.80      1.8648
281.00      1.8716
281.20      1.8785
281.40      1.8856
281.60      1.8928
281.80      1.9003
282.00      1.9079
282.20      1.9157
282.40      1.9236
282.60      1.9317
282.80        1.94
283.00      1.9485
283.20       1.957
283.40      1.9657
283.60      1.9745
283.80      1.9835
284.00      1.9925
284.20      2.0017
284.40       2.011
284.60      2.0205
284.80        2.03
285.00      2.0396
285.20      2.0494
285.40      2.0592
285.60      2.0692
285.80      2.0792
286.00      2.0893
286.20      2.0995
286.40      2.1098
286.60      2.1201
286.80      2.1305
287.00       2.141
287.20      2.1516
287.40      2.1623
287.60       2.173
287.80      2.1838
288.00      2.1947
288.20      2.2055
288.40      2.2165
288.60      2.2274
288.80      2.2383
289.00      2.2492
289.20      2.2601
289.40       2.271
289.60      2.2819
289.80      2.2927
290.00      2.3035
290.20      2.3143
290.40       2.325
290.60      2.3356
290.80      2.3462
291.00      2.3567
291.20      2.3671
291.40      2.3775
291.60      2.3878
291.80      2.3981
292.00      2.4084
292.20      2.4186
292.40      2.4289
292.60      2.4393
292.80      2.4496
293.00      2.4601
293.20      2.4707
293.40      2.4814
293.60      2.4923
293.80      2.5033
294.00      2.5145
294.20      2.5259
294.40      2.5376
294.60      2.5494
294.80      2.5615
295.00      2.5738
295.20      2.5863
295.40      2.5991
295.60      2.6122
295.80      2.6254
296.00      2.6389
296.20      2.6526
296.40      2.6665
296.60      2.6806
296.80      2.6949
297.00      2.7094
297.20       2.724
297.40      2.7388
297.60      2.7538
297.80      2.7689
298.00      2.7842
298.20      2.7996
298.40      2.8151
298.60      2.8307
298.80      2.8465
299.00      2.8623
299.20      2.8782
299.40      2.8942
299.60      2.9102
299.80      2.9263
300.00      2.9425
300.20      2.9588
300.40      2.9751
300.60      2.9915
300.80       3.008
301.00      3.0246
301.20      3.0413
301.40      3.0581
301.60      3.0749
301.80      3.0919
302.00       3.109
302.20      3.1262
302.40      3.1434
302.60      3.1608
302.80      3.1783
303.00      3.1958
303.20      3.2135
303.40      3.2312
303.60       3.249
303.80       3.267
304.00       3.285
304.20      3.3031
304.40      3.3213
304.60      3.3396
304.80       3.358
305.00      3.3766
305.20      3.3952
305.40       3.414
305.60      3.4329
305.80      3.4519
306.00      3.4711
306.20      3.4905
306.40        3.51
306.60      3.5297
306.80      3.5496
307.00      3.5696
307.20      3.5898
307.40      3.6102
307.60      3.6308
307.80      3.6515
308.00      3.6725
308.20      3.6936
308.40      3.7149
308.60      3.7365
308.80      3.7582
309.00      3.7801
309.20      3.8022
309.40      3.8245
309.60       3.847
309.80      3.8697
310.00      3.8927
310.20      3.9159
310.40      3.9394
310.60      3.9631
310.80      3.9872
311.00      4.0115
311.20      4.0361
311.40      4.0611
311.60      4.0863
311.80       4.112
312.00      4.1379
312.20      4.1642
312.40      4.1908
312.60      4.2177
312.80      4.2449
313.00      4.2723
313.20      4.3001
313.40       4.328
313.60      4.3562
313.80      4.3846
314.00      4.4132
314.20      4.4419
314.40      4.4708
314.60      4.4999
314.80      4.5292
315.00      4.5586
315.20      4.5882
315.40      4.6179
315.60      4.6478
315.80      4.6778
316.00       4.708
316.20      4.7383
316.40      4.7688
316.60      4.7995
316.80      4.8304
317.00      4.8615
317.20      4.8928
317.40      4.9243
317.60       4.956
317.80      4.9879
318.00      5.0201
318.20      5.0525
318.40      5.0852
318.60      5.1181
318.80      5.1513
319.00      5.1848
319.20      5.2185
319.40      5.2526
319.60      5.2869
319.80      5.3217
320.00      5.3567
320.20      5.3921
320.40       5.428
320.60      5.4642
320.80      5.5008
321.00      5.5379
321.20      5.5755
321.40      5.6135
321.60       5.652
321.80       5.691
322.00      5.7305
322.20      5.7704
322.40      5.8109
322.60      5.8519
322.80      5.8934
323.00      5.9354
323.20       5.978
323.40       6.021
323.60      6.0645
323.80      6.1085
324.00      6.1529
324.20      6.1978
324.40       6.243
324.60      6.2887
324.80      6.3347
325.00       6.381
325.20      6.4277
325.40      6.4747
325.60      6.5219
325.80      6.5694
326.00      6.6172
326.20      6.6653
326.40      6.7136
326.60      6.7621
326.80      6.8109
327.00      6.8599
327.20      6.9092
327.40      6.9587
327.60      7.0085
327.80      7.0586
328.00      7.1091
328.20      7.1598
328.40      7.2109
328.60      7.2623
328.80      7.3141
329.00      7.3662
329.20      7.4188
329.40      7.4717
329.60       7.525
329.80      7.5787
330.00      7.6328
330.20      7.6873
330.40      7.7421
330.60      7.7974
330.80       7.853
331.00      7.9089
331.20      7.9653
331.40       8.022
331.60       8.079
331.80      8.1364
332.00      8.1941
332.20      8.2522
332.40      8.3105
332.60      8.3692
332.80      8.4281
333.00      8.4874
333.20      8.5469
333.40      8.6066
333.60      8.6666
333.80      8.7269
334.00      8.7874
334.20      8.8482
334.40      8.9092
334.60      8.9706
334.80      9.0322
335.00      9.0941
335.20      9.1563
335.40      9.2188
335.60      9.2816
335.80      9.3448
336.00      9.4083
336.20      9.4721
336.40      9.5363
336.60      9.6008
336.80      9.6657
337.00      9.7311
337.20      9.7968
337.40      9.8629
337.60      9.9295
337.80      9.9965
338.00      10.064
338.20      10.132
338.40        10.2
338.60      10.269
338.80      10.338
339.00      10.408
339.20      10.478
339.40      10.549
339.60       10.62
339.80      10.692
340.00      10.765
340.20      10.837
340.40      10.911
340.60      10.985
340.80       11.06
341.00      11.135
341.20      11.211
341.40      11.287
341.60      11.364
341.80      11.442
342.00      11.521
342.20        11.6
342.40      11.679
342.60       11.76
342.80       11.84
343.00      11.922
343.20      12.003
343.40      12.085
343.60      12.168
343.80       12.25
344.00      12.333
344.20      12.416
344.40      12.498
344.60      12.581
344.80      12.663
345.00      12.745
345.20      12.826
345.40      12.906
345.60      12.986
345.80      13.064
346.00      13.142
346.20       13.22
346.40      13.296
346.60      13.371
346.80      13.445
347.00      13.518
347.20      13.591
347.40      13.662
347.60      13.733
347.80      13.803
348.00      13.872
348.20       13.94
348.40      14.008
348.60      14.075
348.80      14.142
349.00      14.209
349.20      14.275
349.40      14.341
349.60      14.406
349.80      14.472
350.00      14.537
350.20      14.602
350.40      14.667
350.60      14.732
350.80      14.797
351.00      14.862
351.20      14.928
351.40      14.993
351.60      15.059
351.80      15.124
352.00       15.19
352.20      15.256
352.40      15.323
352.60      15.389
352.80      15.456
353.00      15.524
353.20      15.592
353.40      15.661
353.60       15.73
353.80        15.8
354.00      15.872
354.20      15.944
354.40      16.018
354.60      16.094
354.80      16.172
355.00      16.252
355.20      16.334
355.40      16.419
355.60      16.508
355.80        16.6
356.00      16.697
356.20      16.798
356.40      16.904
356.60      17.015
356.80      17.133
357.00      17.256
357.20      17.387
357.40      17.525
357.60      17.671
357.80      17.825
358.00      17.988
358.20       18.16
358.40      18.341
358.60      18.532
358.80      18.733
359.00      18.945
359.20      19.167
359.40        19.4
359.60      19.643
359.80      19.898
360.00      20.164
360.20      20.441
360.40      20.729
360.60      21.028
360.80      21.339
361.00      21.661
361.20      21.993
361.40      22.337
361.60      22.691
361.80      23.056
362.00      23.431
362.20      23.817
362.40      24.213
362.60      24.619
362.80      25.035
363.00      25.461
363.20      25.896
363.40      26.342
363.60      26.796
363.80       27.26
364.00      27.734
364.20      28.216
364.40      28.707
364.60      29.207
364.80      29.716
365.00      30.233
365.20      30.758
365.40       31.29
365.60      31.829
365.80      32.376
366.00      32.928
366.20      33.486
366.40      34.049
366.60      34.616
366.80      35.186
367.00      35.759
367.20      36.333
367.40      36.907
367.60      37.481
367.80      38.053
368.00      38.622
368.20      39.186
368.40      39.746
368.60      40.298
368.80      40.842
369.00      41.377
369.20      41.902
369.40      42.414
369.60      42.913
369.80      43.398
370.00      43.868
370.20       44.32
370.40      44.755
370.60      45.171
370.80      45.568
371.00      45.944
371.20      46.299
371.40      46.631
371.60      46.942
371.80      47.228
372.00      47.492
372.20      47.731
372.40      47.946
372.60      48.138
372.80      48.304
373.00      48.447
373.20      48.566
373.40      48.662
373.60      48.734
373.80      48.784
374.00      48.811
374.20      48.817
374.40      48.803
374.60      48.768
374.80      48.715
375.00      48.643
375.20      48.555
375.40      48.449
375.60      48.329
375.80      48.194
376.00      48.046
376.20      47.885
376.40      47.713
376.60       47.53
376.80      47.337
377.00      47.136
377.20      46.927
377.40       46.71
377.60      46.487
377.80      46.259
378.00      46.025
378.20      45.787
378.40      45.545
378.60      45.299
378.80      45.051
379.00        44.8
379.20      44.548
379.40      44.293
379.60      44.038
379.80      43.781
380.00      43.524
380.20      43.266
380.40      43.009
380.60      42.751
380.80      42.493
381.00      42.235
381.20      41.978
381.40      41.721
381.60      41.465
381.80       41.21
382.00      40.955
382.20      40.701
382.40      40.448
382.60      40.196
382.80      39.945
383.00      39.695
383.20      39.446
383.40      39.198
383.60      38.951
383.80      38.705
384.00       38.46
384.20      38.216
384.40      37.973
384.60      37.731
384.80       37.49
385.00      37.251
385.20      37.012
385.40      36.775
385.60      36.539
385.80      36.303
386.00      36.069
386.20      35.837
386.40      35.605
386.60      35.374
386.80      35.145
387.00      34.916
387.20      34.689
387.40      34.463
387.60      34.238
387.80      34.013
388.00       33.79
388.20      33.568
388.40      33.347
388.60      33.127
388.80      32.908
389.00      32.689
389.20      32.472
389.40      32.256
389.60      32.041
389.80      31.826
390.00      31.613
390.20      31.401
390.40       31.19
390.60       30.98
390.80      30.771
391.00      30.563
391.20      30.356
391.40      30.151
391.60      29.946
391.80      29.743
392.00      29.541
392.20      29.341
392.40      29.141
392.60      28.943
392.80      28.747
393.00      28.551
393.20      28.357
393.40      28.164
393.60      27.973
393.80      27.783
394.00      27.595
394.20      27.408
394.40      27.222
394.60      27.038
394.80      26.855
395.00      26.674
395.20      26.495
395.40      26.316
395.60      26.139
395.80      25.964
396.00       25.79
396.20      25.617
396.40      25.446
396.60      25.277
396.80      25.108
397.00      24.941
397.20      24.775
397.40      24.611
397.60      24.448
397.80      24.286
398.00      24.126
398.20      23.967
398.40      23.809
398.60      23.653
398.80      23.498
399.00      23.344
399.20      23.191
399.40       23.04
399.60       22.89
399.80      22.742
400.00      22.594
400.20      22.448
400.40      22.304
400.60       22.16
400.80      22.018
401.00      21.877
401.20      21.737
401.40      21.598
401.60      21.461
401.80      21.324
402.00      21.189
402.20      21.055
402.40      20.922
402.60      20.791
402.80       20.66
403.00       20.53
403.20      20.402
403.40      20.274
403.60      20.148
403.80      20.023
404.00      19.898
404.20      19.775
404.40      19.652
404.60      19.531
404.80       19.41
405.00      19.291
405.20      19.172
405.40      19.055
405.60      18.938
405.80      18.822
406.00      18.707
406.20      18.593
406.40       18.48
406.60      18.368
406.80      18.256
407.00      18.145
407.20      18.036
407.40      17.927
407.60      17.818
407.80      17.711
408.00      17.604
408.20      17.498
408.40      17.393
408.60      17.289
408.80      17.185
409.00      17.082
409.20       16.98
409.40      16.879
409.60      16.779
409.80      16.679
410.00       16.58
410.20      16.482
410.40      16.385
410.60      16.288
410.80      16.192
411.00      16.097
411.20      16.002
411.40      15.908
411.60      15.815
411.80      15.723
412.00      15.631
412.20       15.54
412.40       15.45
412.60       15.36
412.80      15.271
413.00      15.183
413.20      15.095
413.40      15.009
413.60      14.923
413.80      14.837
414.00      14.753
414.20      14.669
414.40      14.586
414.60      14.503
414.80      14.421
415.00       14.34
415.20       14.26
415.40      14.181
415.60      14.102
415.80      14.024
416.00      13.946
416.20       13.87
416.40      13.794
416.60      13.719
416.80      13.644
417.00      13.571
417.20      13.497
417.40      13.425
417.60      13.354
417.80      13.283
418.00      13.212
418.20      13.143
418.40      13.074
418.60      13.005
418.80      12.938
419.00       12.87
419.20      12.804
419.40      12.738
419.60      12.672
419.80      12.607
420.00      12.542
420.20      12.478
420.40      12.414
420.60      12.351
420.80      12.288
421.00      12.226
421.20      12.164
421.40      12.103
421.60      12.042
421.80      11.981
422.00      11.921
422.20      11.862
422.40      11.803
422.60      11.744
422.80      11.686
423.00      11.628
423.20      11.571
423.40      11.514
423.60      11.458
423.80      11.402
424.00      11.346
424.20      11.291
424.40      11.237
424.60      11.183
424.80      11.129
425.00      11.075
425.20      11.022
425.40       10.97
425.60      10.918
425.80      10.866
426.00      10.815
426.20      10.764
426.40      10.713
426.60      10.663
426.80      10.614
427.00      10.565
427.20      10.516
427.40      10.467
427.60      10.419
427.80      10.372
428.00      10.324
428.20      10.278
428.40      10.231
428.60      10.185
428.80      10.139
429.00      10.094
429.20      10.049
429.40      10.004
429.60      9.9594
429.80      9.9152
430.00      9.8714
430.20      9.8278
430.40      9.7845
430.60      9.7414
430.80      9.6985
431.00      9.6559
431.20      9.6134
431.40      9.5711
431.60       9.529
431.80       9.487
432.00      9.4453
432.20      9.4037
432.40      9.3622
432.60       9.321
432.80      9.2799
433.00      9.2391
433.20      9.1985
433.40      9.1581
433.60      9.1179
433.80       9.078
434.00      9.0383
434.20      8.9989
434.40      8.9598
434.60       8.921
434.80      8.8825
435.00      8.8444
435.20      8.8067
435.40      8.7693
435.60      8.7324
435.80      8.6958
436.00      8.6596
436.20      8.6238
436.40      8.5884
436.60      8.5533
436.80      8.5187
437.00      8.4844
437.20      8.4505
437.40      8.4169
437.60      8.3837
437.80      8.3508
438.00      8.3182
438.20       8.286
438.40       8.254
438.60      8.2223
438.80      8.1909
439.00      8.1598
439.20      8.1289
439.40      8.0983
439.60      8.0679
439.80      8.0377
440.00      8.0078
440.20       7.978
440.40      7.9484
440.60       7.919
440.80      7.8899
441.00      7.8609
441.20      7.8321
441.40      7.8035
441.60       7.775
441.80      7.7468
442.00      7.7187
442.20      7.6908
442.40      7.6631
442.60      7.6355
442.80      7.6081
443.00      7.5808
443.20      7.5536
443.40      7.5265
443.60      7.4996
443.80      7.4727
444.00       7.446
444.20      7.4194
444.40      7.3928
444.60      7.3664
444.80        7.34
445.00      7.3138
445.20      7.2876
445.40      7.2615
445.60      7.2355
445.80      7.2096
446.00      7.1838
446.20      7.1581
446.40      7.1325
446.60      7.1071
446.80      7.0818
447.00      7.0567
447.20      7.0317
447.40      7.0069
447.60      6.9822
447.80      6.9578
448.00      6.9335
448.20      6.9094
448.40      6.8856
448.60      6.8619
448.80      6.8385
449.00      6.8153
449.20      6.7924
449.40      6.7696
449.60      6.7471
449.80      6.7248
450.00      6.7027
450.20      6.6809
450.40      6.6592
450.60      6.6377
450.80      6.6164
451.00      6.5952
451.20      6.5742
451.40      6.5534
451.60      6.5328
451.80      6.5123
452.00       6.492
452.20      6.4719
452.40       6.452
452.60      6.4322
452.80      6.4126
453.00      6.3932
453.20      6.3739
453.40      6.3547
453.60      6.3356
453.80      6.3166
454.00      6.2977
454.20      6.2788
454.40      6.2601
454.60      6.2414
454.80      6.2227
455.00      6.2042
455.20      6.1856
455.40      6.1672
455.60      6.1488
455.80      6.1304
456.00      6.1122
456.20       6.094
456.40      6.0759
456.60      6.0579
456.80        6.04
457.00      6.0222
457.20      6.0046
457.40      5.9871
457.60      5.9698
457.80      5.9527
458.00      5.9358
458.20      5.9191
458.40      5.9025
458.60      5.8862
458.80      5.8702
459.00      5.8543
459.20      5.8387
459.40      5.8232
459.60       5.808
459.80      5.7929
460.00      5.7781
460.20      5.7634
460.40      5.7489
460.60      5.7345
460.80      5.7202
461.00      5.7061
461.20      5.6921
461.40      5.6783
461.60      5.6644
461.80      5.6507
462.00       5.637
462.20      5.6234
462.40      5.6098
462.60      5.5962
462.80      5.5826
463.00       5.569
463.20      5.5553
463.40      5.5416
463.60      5.5278
463.80       5.514
464.00      5.5001
464.20       5.486
464.40      5.4719
464.60      5.4577
464.80      5.4434
465.00       5.429
465.20      5.4146
465.40         5.4
465.60      5.3854
465.80      5.3707
466.00       5.356
466.20      5.3413
466.40      5.3266
466.60      5.3119
466.80      5.2972
467.00      5.2827
467.20      5.2682
467.40      5.2538
467.60      5.2396
467.80      5.2255
468.00      5.2116
468.20      5.1979
468.40      5.1844
468.60      5.1711
468.80      5.1581
469.00      5.1453
469.20      5.1327
469.40      5.1204
469.60      5.1083
469.80      5.0964
470.00      5.0848
470.20      5.0734
470.40      5.0621
470.60      5.0511
470.80      5.0403
471.00      5.0296
471.20      5.0191
471.40      5.0088
471.60      4.9986
471.80      4.9885
472.00      4.9785
472.20      4.9686
472.40      4.9588
472.60      4.9492
472.80      4.9396
473.00      4.9301
473.20      4.9207
473.40      4.9113
473.60      4.9021
473.80      4.8929
474.00      4.8838
474.20      4.8747
474.40      4.8657
474.60      4.8567
474.80      4.8477
475.00      4.8388
475.20      4.8298
475.40      4.8208
475.60      4.8117
475.80      4.8026
476.00      4.7935
476.20      4.7844
476.40      4.7751
476.60      4.7658
476.80      4.7564
477.00      4.7468
477.20      4.7371
477.40      4.7273
477.60      4.7174
477.80      4.7073
478.00      4.6972
478.20      4.6869
478.40      4.6764
478.60      4.6659
478.80      4.6553
479.00      4.6447
479.20       4.634
479.40      4.6233
479.60      4.6126
479.80       4.602
480.00      4.5914
480.20       4.581
480.40      4.5706
480.60      4.5603
480.80      4.5501
481.00      4.5401
481.20      4.5303
481.40      4.5206
481.60      4.5111
481.80      4.5018
482.00      4.4928
482.20      4.4839
482.40      4.4753
482.60      4.4669
482.80      4.4588
483.00      4.4509
483.20      4.4432
483.40      4.4357
483.60      4.4286
483.80      4.4216
484.00      4.4149
484.20      4.4084
484.40      4.4021
484.60       4.396
484.80      4.3901
485.00      4.3843
485.20      4.3787
485.40      4.3733
485.60      4.3679
485.80      4.3627
486.00      4.3574
486.20      4.3523
486.40      4.3471
486.60      4.3419
486.80      4.3367
487.00      4.3315
487.20      4.3261
487.40      4.3207
487.60      4.3151
487.80      4.3094
488.00      4.3036
488.20      4.2976
488.40      4.2914
488.60       4.285
488.80      4.2785
489.00      4.2717
489.20      4.2648
489.40      4.2577
489.60      4.2504
489.80       4.243
490.00      4.2353
490.20      4.2276
490.40      4.2196
490.60      4.2116
490.80      4.2035
491.00      4.1952
491.20      4.1869
491.40      4.1786
491.60      4.1703
491.80      4.1619
492.00      4.1536
492.20      4.1453
492.40      4.1371
492.60      4.1289
492.80      4.1209
493.00       4.113
493.20      4.1052
493.40      4.0976
493.60      4.0901
493.80      4.0827
494.00      4.0756
494.20      4.0686
494.40      4.0618
494.60      4.0552
494.80      4.0487
495.00      4.0425
495.20      4.0363
495.40      4.0303
495.60      4.0244
495.80      4.0186
496.00      4.0128
496.20      4.0071
496.40      4.0014
496.60      3.9957
496.80      3.9899
497.00      3.9841
497.20      3.9782
497.40      3.9722
497.60      3.9661
497.80      3.9599
498.00      3.9536
498.20      3.9471
498.40      3.9405
498.60      3.9337
498.80      3.9267
499.00      3.9196
499.20      3.9124
499.40       3.905
499.60      3.8975
499.80      3.8898
500.00      3.8821
500.20      3.8742
500.40      3.8663
500.60      3.8583
500.80      3.8502
501.00      3.8421
501.20      3.8339
501.40      3.8256
501.60      3.8174
501.80      3.8091
502.00      3.8007
502.20      3.7924
502.40       3.784
502.60      3.7756
502.80      3.7672
503.00      3.7587
503.20      3.7503
503.40      3.7418
503.60      3.7333
503.80      3.7248
504.00      3.7162
504.20      3.7077
504.40      3.6992
504.60      3.6907
504.80      3.6822
505.00      3.6738
505.20      3.6654
505.40       3.657
505.60      3.6488
505.80      3.6405
506.00      3.6323
506.20      3.6242
506.40      3.6162
506.60      3.6082
506.80      3.6002
507.00      3.5923
507.20      3.5845
507.40      3.5766
507.60      3.5688
507.80      3.5609
508.00      3.5531
508.20      3.5451
508.40      3.5371
508.60       3.529
508.80      3.5208
509.00      3.5125
509.20       3.504
509.40      3.4953
509.60      3.4865
509.80      3.4776
510.00      3.4685
510.20      3.4593
510.40      3.4499
510.60      3.4405
510.80      3.4309
511.00      3.4212
511.20      3.4114
511.40      3.4016
511.60      3.3916
511.80      3.3816
512.00      3.3716
512.20      3.3615
512.40      3.3514
512.60      3.3413
512.80      3.3312
513.00      3.3211
513.20      3.3109
513.40      3.3008
513.60      3.2907
513.80      3.2805
514.00      3.2704
514.20      3.2603
514.40      3.2503
514.60      3.2402
514.80      3.2301
515.00        3.22
515.20        3.21
515.40      3.1999
515.60      3.1899
515.80      3.1799
516.00      3.1698
516.20      3.1598
516.40      3.1498
516.60      3.1397
516.80      3.1297
517.00      3.1197
517.20      3.1097
517.40      3.0997
517.60      3.0897
517.80      3.0797
518.00      3.0697
518.20      3.0598
518.40      3.0498
518.60      3.0399
518.80        3.03
519.00      3.0201
519.20      3.0103
519.40      3.0005
519.60      2.9907
519.80      2.9809
520.00      2.9712
520.20      2.9615
520.40      2.9519
520.60      2.9422
520.80      2.9327
521.00      2.9231
521.20      2.9135
521.40       2.904
521.60      2.8944
521.80      2.8848
522.00      2.8752
522.20      2.8654
522.40      2.8556
522.60      2.8456
522.80      2.8355
523.00      2.8252
523.20      2.8147
523.40      2.8041
523.60      2.7934
523.80      2.7825
524.00      2.7714
524.20      2.7602
524.40      2.7489
524.60      2.7374
524.80      2.7259
525.00      2.7141
525.20      2.7023
525.40      2.6904
525.60      2.6784
525.80      2.6663
526.00      2.6542
526.20       2.642
526.40      2.6298
526.60      2.6176
526.80      2.6054
527.00      2.5932
527.20       2.581
527.40      2.5689
527.60      2.5568
527.80      2.5448
528.00      2.5328
528.20      2.5209
528.40       2.509
528.60      2.4972
528.80      2.4855
529.00      2.4738
529.20      2.4622
529.40      2.4507
529.60      2.4393
529.80       2.428
530.00      2.4168
530.20      2.4056
530.40      2.3946
530.60      2.3837
530.80      2.3729
531.00      2.3623
531.20      2.3517
531.40      2.3412
531.60      2.3308
531.80      2.3204
532.00      2.3101
532.20      2.2998
532.40      2.2896
532.60      2.2793
532.80      2.2691
533.00      2.2588
533.20      2.2485
533.40      2.2381
533.60      2.2277
533.80      2.2172
534.00      2.2067
534.20       2.196
534.40      2.1854
534.60      2.1746
534.80      2.1638
535.00       2.153
535.20      2.1421
535.40      2.1312
535.60      2.1203
535.80      2.1093
536.00      2.0984
536.20      2.0875
536.40      2.0765
536.60      2.0656
536.80      2.0547
537.00      2.0439
537.20      2.0331
537.40      2.0224
537.60      2.0117
537.80      2.0011
538.00      1.9906
538.20      1.9802
538.40      1.9698
538.60      1.9595
538.80      1.9493
539.00      1.9392
539.20      1.9291
539.40      1.9191
539.60      1.9092
539.80      1.8994
540.00      1.8897
540.20      1.8801
540.40      1.8705
540.60      1.8611
540.80      1.8517
541.00      1.8425
541.20      1.8334
541.40      1.8244
541.60      1.8155
541.80      1.8067
542.00       1.798
542.20      1.7894
542.40      1.7808
542.60      1.7723
542.80      1.7638
543.00      1.7554
543.20       1.747
543.40      1.7386
543.60      1.7302
543.80      1.7217
544.00      1.7133
544.20      1.7049
544.40      1.6964
544.60      1.6879
544.80      1.6795
545.00       1.671
545.20      1.6625
545.40       1.654
545.60      1.6456
545.80      1.6372
546.00      1.6288
546.20      1.6205
546.40      1.6122
546.60       1.604
546.80      1.5959
547.00      1.5878
547.20      1.5798
547.40       1.572
547.60      1.5642
547.80      1.5565
548.00       1.549
548.20      1.5416
548.40      1.5343
548.60      1.5271
548.80      1.5201
549.00      1.5133
549.20      1.5066
549.40         1.5
549.60      1.4936
549.80      1.4874
550.00      1.4813
550.20      1.4753
550.40      1.4695
550.60      1.4638
550.80      1.4582
551.00      1.4527
551.20      1.4472
551.40      1.4419
551.60      1.4365
551.80      1.4313
552.00       1.426
552.20      1.4207
552.40      1.4155
552.60      1.4102
552.80       1.405
553.00      1.3997
553.20      1.3944
553.40       1.389
553.60      1.3837
553.80      1.3783
554.00       1.373
554.20      1.3676
554.40      1.3623
554.60       1.357
554.80      1.3516
555.00      1.3463
555.20       1.341
555.40      1.3358
555.60      1.3305
555.80      1.3253
556.00      1.3202
556.20      1.3151
556.40        1.31
556.60      1.3051
556.80      1.3003
557.00      1.2955
557.20      1.2909
557.40      1.2864
557.60      1.2819
557.80      1.2776
558.00      1.2734
558.20      1.2692
558.40      1.2652
558.60      1.2612
558.80      1.2574
559.00      1.2536
559.20      1.2499
559.40      1.2462
559.60      1.2426
559.80      1.2391
560.00      1.2356
560.20      1.2322
560.40      1.2287
560.60      1.2253
560.80       1.222
561.00      1.2187
561.20      1.2154
561.40      1.2121
561.60      1.2089
561.80      1.2057
562.00      1.2025
562.20      1.1994
562.40      1.1964
562.60      1.1934
562.80      1.1905
563.00      1.1877
563.20       1.185
563.40      1.1823
563.60      1.1798
563.80      1.1774
564.00      1.1751
564.20      1.1729
564.40      1.1708
564.60      1.1688
564.80      1.1669
565.00      1.1651
565.20      1.1634
565.40      1.1618
565.60      1.1603
565.80      1.1589
566.00      1.1575
566.20      1.1562
566.40      1.1549
566.60      1.1537
566.80      1.1525
567.00      1.1514
567.20      1.1503
567.40      1.1493
567.60      1.1482
567.80      1.1472
568.00      1.1463
568.20      1.1453
568.40      1.1444
568.60      1.1435
568.80      1.1426
569.00      1.1418
569.20      1.1409
569.40      1.1402
569.60      1.1394
569.80      1.1386
570.00      1.1379
570.20      1.1371
570.40      1.1364
570.60      1.1357
570.80       1.135
571.00      1.1343
571.20      1.1336
571.40       1.133
571.60      1.1324
571.80       1.132
572.00      1.1316
572.20      1.1314
572.40      1.1312
572.60      1.1312
572.80      1.1312
573.00      1.1315
573.20      1.1318
573.40      1.1322
573.60      1.1328
573.80      1.1335
574.00      1.1344
574.20      1.1353
574.40      1.1363
574.60      1.1374
574.80      1.1386
575.00      1.1398
575.20       1.141
575.40      1.1423
575.60      1.1436
575.80      1.1448
576.00      1.1461
576.20      1.1473
576.40      1.1485
576.60      1.1496
576.80      1.1506
577.00      1.1517
577.20      1.1526
577.40      1.1535
577.60      1.1542
577.80      1.1549
578.00      1.1555
578.20       1.156
578.40      1.1563
578.60      1.1565
578.80      1.1566
579.00      1.1565
579.20      1.1563
579.40       1.156
579.60      1.1556
579.80      1.1551
580.00      1.1546
580.20       1.154
580.40      1.1535
580.60      1.1529
580.80      1.1524
581.00      1.1519
581.20      1.1515
581.40      1.1511
581.60      1.1508
581.80      1.1505
582.00      1.1504
582.20      1.1503
582.40      1.1503
582.60      1.1504
582.80      1.1506
583.00      1.1508
583.20      1.1512
583.40      1.1517
583.60      1.1523
583.80       1.153
584.00      1.1537
584.20      1.1546
584.40      1.1556
584.60      1.1566
584.80      1.1576
585.00      1.1587
585.20      1.1598
585.40      1.1609
585.60       1.162
585.80      1.1631
586.00      1.1641
586.20       1.165
586.40      1.1659
586.60      1.1667
586.80      1.1674
587.00      1.1681
587.20      1.1686
587.40      1.1691
587.60      1.1695
587.80      1.1698
588.00      1.1701
588.20      1.1703
588.40      1.1704
588.60      1.1705
588.80      1.1706
589.00      1.1706
589.20      1.1706
589.40      1.1706
589.60      1.1706
589.80      1.1706
590.00      1.1705
590.20      1.1705
590.40      1.1704
590.60      1.1703
590.80      1.1702
591.00      1.1701
591.20        1.17
591.40      1.1699
591.60      1.1697
591.80      1.1696
592.00      1.1695
592.20      1.1693
592.40      1.1692
592.60       1.169
592.80      1.1689
593.00      1.1687
593.20      1.1686
593.40      1.1684
593.60      1.1683
593.80      1.1682
594.00      1.1682
594.20      1.1682
594.40      1.1683
594.60      1.1685
594.80      1.1687
595.00      1.1691
595.20      1.1695
595.40        1.17
595.60      1.1705
595.80      1.1711
596.00      1.1717
596.20      1.1722
596.40      1.1728
596.60      1.1733
596.80      1.1737
597.00      1.1739
597.20      1.1741
597.40      1.1741
597.60       1.174
597.80      1.1736
598.00      1.1732
598.20      1.1725
598.40      1.1717
598.60      1.1708
598.80      1.1698
599.00      1.1686
599.20      1.1674
599.40       1.166
599.60      1.1646
599.80      1.1631
600.00      1.1615
600.20      1.1599
600.40      1.1583
600.60      1.1567
600.80       1.155
601.00      1.1533
601.20      1.1516
601.40      1.1499
601.60      1.1483
601.80      1.1466
602.00       1.145
602.20      1.1434
602.40      1.1418
602.60      1.1403
602.80      1.1388
603.00      1.1373
603.20      1.1358
603.40      1.1344
603.60      1.1329
603.80      1.1316
604.00      1.1302
604.20      1.1289
604.40      1.1276
604.60      1.1263
604.80      1.1251
605.00      1.1238
605.20      1.1226
605.40      1.1215
605.60      1.1204
605.80      1.1193
606.00      1.1183
606.20      1.1173
606.40      1.1164
606.60      1.1155
606.80      1.1147
607.00       1.114
607.20      1.1133
607.40      1.1127
607.60      1.1121
607.80      1.1116
608.00      1.1111
608.20      1.1106
608.40      1.1102
608.60      1.1097
608.80      1.1092
609.00      1.1086
609.20      1.1079
609.40      1.1072
609.60      1.1064
609.80      1.1055
610.00      1.1045
610.20      1.1034
610.40      1.1022
610.60      1.1008
610.80      1.0994
611.00      1.0979
611.20      1.0963
611.40      1.0945
611.60      1.0927
611.80      1.0908
612.00      1.0888
612.20      1.0867
612.40      1.0846
612.60      1.0824
612.80      1.0801
613.00      1.0778
613.20      1.0755
613.40      1.0731
613.60      1.0707
613.80      1.0682
614.00      1.0657
614.20      1.0632
614.40      1.0606
614.60       1.058
614.80      1.0554
615.00      1.0527
615.20        1.05
615.40      1.0472
615.60      1.0444
615.80      1.0416
616.00      1.0388
616.20       1.036
616.40      1.0332
616.60      1.0305
616.80      1.0278
617.00      1.0251
617.20      1.0225
617.40      1.0199
617.60      1.0175
617.80      1.0151
618.00      1.0128
618.20      1.0107
618.40      1.0086
618.60      1.0066
618.80      1.0047
619.00       1.003
619.20      1.0013
619.40     0.99971
619.60     0.99823
619.80     0.99686
620.00     0.99557
620.20     0.99437
620.40     0.99326
620.60     0.99223
620.80     0.99127
621.00     0.99036
621.20     0.98948
621.40     0.98863
621.60     0.98778
621.80     0.98693
622.00     0.98605
622.20     0.98515
622.40     0.98421
622.60     0.98323
622.80     0.98223
623.00      0.9812
623.20     0.98015
623.40     0.97906
623.60     0.97795
623.80     0.97682
624.00     0.97565
624.20     0.97447
624.40     0.97327
624.60     0.97207
624.80     0.97086
625.00     0.96965
625.20     0.96842
625.40      0.9672
625.60     0.96596
625.80     0.96472
626.00     0.96349
626.20     0.96228
626.40     0.96109
626.60     0.95993
626.80     0.95881
627.00     0.95774
627.20     0.95672
627.40     0.95577
627.60     0.95489
627.80      0.9541
628.00     0.95341
628.20     0.95284
628.40     0.95238
628.60     0.95204
628.80     0.95182
629.00     0.95171
629.20     0.95171
629.40     0.95182
629.60     0.95202
629.80     0.95231
630.00     0.95267
630.20      0.9531
630.40     0.95356
630.60     0.95406
630.80     0.95455
631.00     0.95501
631.20     0.95543
631.40     0.95579
631.60     0.95606
631.80     0.95625
632.00     0.95635
632.20     0.95636
632.40     0.95629
632.60     0.95613
632.80      0.9559
633.00     0.95562
633.20      0.9553
633.40     0.95496
633.60     0.95464
633.80     0.95436
634.00     0.95416
634.20     0.95405
634.40     0.95405
634.60     0.95419
634.80     0.95447
635.00      0.9549
635.20     0.95547
635.40      0.9562
635.60     0.95707
635.80     0.95807
636.00     0.95919
636.20     0.96041
636.40     0.96174
636.60     0.96315
636.80     0.96465
637.00     0.96621
637.20     0.96783
637.40     0.96947
637.60     0.97114
637.80     0.97283
638.00      0.9745
638.20     0.97617
638.40      0.9778
638.60      0.9794
638.80     0.98096
639.00     0.98248
639.20     0.98395
639.40     0.98539
639.60     0.98678
639.80     0.98816
640.00     0.98953
640.20     0.99092
640.40     0.99234
640.60     0.99381
640.80     0.99535
641.00     0.99697
641.20     0.99868
641.40      1.0005
641.60      1.0024
641.80      1.0044
642.00      1.0066
642.20      1.0089
642.40      1.0113
642.60      1.0138
642.80      1.0165
643.00      1.0193
643.20      1.0221
643.40      1.0251
643.60      1.0282
643.80      1.0315
644.00      1.0347
644.20      1.0381
644.40      1.0416
644.60       1.045
644.80      1.0486
645.00      1.0521
645.20      1.0557
645.40      1.0593
645.60      1.0629
645.80      1.0665
646.00      1.0701
646.20      1.0737
646.40      1.0773
646.60      1.0808
646.80      1.0844
647.00      1.0879
647.20      1.0913
647.40      1.0947
647.60      1.0981
647.80      1.1014
648.00      1.1045
648.20      1.1076
648.40      1.1106
648.60      1.1135
648.80      1.1163
649.00      1.1189
649.20      1.1214
649.40      1.1238
649.60      1.1261
649.80      1.1284
650.00      1.1304
650.20      1.1324
650.40      1.1344
650.60      1.1362
650.80      1.1379
651.00      1.1395
651.20      1.1411
651.40      1.1425
651.60      1.1439
651.80      1.1452
652.00      1.1464
652.20      1.1476
652.40      1.1486
652.60      1.1496
652.80      1.1506
653.00      1.1514
653.20      1.1523
653.40      1.1531
653.60      1.1539
653.80      1.1547
654.00      1.1554
654.20      1.1561
654.40      1.1567
654.60      1.1573
654.80      1.1579
655.00      1.1584
655.20      1.1588
655.40      1.1591
655.60      1.1594
655.80      1.1597
656.00      1.1599
656.20        1.16
656.40      1.1602
656.60      1.1602
656.80      1.1603
657.00      1.1603
657.20      1.1603
657.40      1.1603
657.60      1.1603
657.80      1.1603
658.00      1.1602
658.20      1.1602
658.40      1.1601
658.60        1.16
658.80        1.16
659.00      1.1599
659.20      1.1599
659.40      1.1598
659.60      1.1598
659.80      1.1597
660.00      1.1597
660.20      1.1597
660.40      1.1597
660.60      1.1598
660.80      1.1598
661.00      1.1599
661.20      1.1601
661.40      1.1602
661.60      1.1604
661.80      1.1607
662.00       1.161
662.20      1.1614
662.40      1.1618
662.60      1.1622
662.80      1.1627
663.00      1.1633
663.20      1.1639
663.40      1.1645
663.60      1.1652
663.80      1.1658
664.00      1.1664
664.20       1.167
664.40      1.1675
664.60       1.168
664.80      1.1684
665.00      1.1686
665.20      1.1688
665.40      1.1689
665.60      1.1689
665.80      1.1688
666.00      1.1686
666.20      1.1682
666.40      1.1678
666.60      1.1673
666.80      1.1666
667.00      1.1659
667.20      1.1651
667.40      1.1642
667.60      1.1632
667.80      1.1623
668.00      1.1613
668.20      1.1603
668.40      1.1593
668.60      1.1584
668.80      1.1574
669.00      1.1565
669.20      1.1556
669.40      1.1548
669.60       1.154
669.80      1.1534
670.00      1.1528
670.20      1.1523
670.40      1.1518
670.60      1.1515
670.80      1.1512
671.00       1.151
671.20      1.1508
671.40      1.1506
671.60      1.1505
671.80      1.1503
672.00      1.1502
672.20      1.1501
672.40      1.1499
672.60      1.1497
672.80      1.1494
673.00      1.1491
673.20      1.1486
673.40      1.1481
673.60      1.1475
673.80      1.1467
674.00      1.1459
674.20      1.1449
674.40      1.1438
674.60      1.1426
674.80      1.1412
675.00      1.1398
675.20      1.1383
675.40      1.1368
675.60      1.1351
675.80      1.1335
676.00      1.1318
676.20        1.13
676.40      1.1283
676.60      1.1266
676.80      1.1249
677.00      1.1233
677.20      1.1217
677.40      1.1202
677.60      1.1188
677.80      1.1175
678.00      1.1163
678.20      1.1152
678.40      1.1142
678.60      1.1133
678.80      1.1125
679.00      1.1119
679.20      1.1113
679.40      1.1108
679.60      1.1104
679.80      1.1101
680.00      1.1098
680.20      1.1096
680.40      1.1094
680.60      1.1092
680.80       1.109
681.00      1.1088
681.20      1.1085
681.40      1.1082
681.60      1.1079
681.80      1.1075
682.00      1.1071
682.20      1.1067
682.40      1.1061
682.60      1.1056
682.80      1.1049
683.00      1.1043
683.20      1.1037
683.40       1.103
683.60      1.1024
683.80      1.1018
684.00      1.1012
684.20      1.1007
684.40      1.1001
684.60      1.0997
684.80      1.0992
685.00      1.0988
685.20      1.0984
685.40       1.098
685.60      1.0977
685.80      1.0975
686.00      1.0972
686.20       1.097
686.40      1.0968
686.60      1.0965
686.80      1.0961
687.00      1.0957
687.20      1.0952
687.40      1.0947
687.60       1.094
687.80      1.0932
688.00      1.0923
688.20      1.0914
688.40      1.0904
688.60      1.0894
688.80      1.0884
689.00      1.0874
689.20      1.0864
689.40      1.0855
689.60      1.0847
689.80       1.084
690.00      1.0834
690.20      1.0829
690.40      1.0825
690.60      1.0822
690.80      1.0821
691.00       1.082
691.20       1.082
691.40      1.0821
691.60      1.0823
691.80      1.0825
692.00      1.0828
692.20      1.0831
692.40      1.0834
692.60      1.0837
692.80      1.0839
693.00      1.0841
693.20      1.0841
693.40      1.0841
693.60       1.084
693.80      1.0837
694.00      1.0834
694.20       1.083
694.40      1.0825
694.60      1.0819
694.80      1.0813
695.00      1.0806
695.20      1.0799
695.40      1.0791
695.60      1.0783
695.80      1.0774
696.00      1.0765
696.20      1.0755
696.40      1.0745
696.60      1.0735
696.80      1.0725
697.00      1.0715
697.20      1.0705
697.40      1.0695
697.60      1.0686
697.80      1.0676
698.00      1.0667
698.20      1.0658
698.40      1.0649
698.60      1.0641
698.80      1.0634
699.00      1.0627
699.20      1.0621
699.40      1.0617
699.60      1.0613
699.80      1.0611
700.00       1.061
700.20       1.061
700.40      1.0612
700.60      1.0614
700.80      1.0618
701.00      1.0624
701.20       1.063
701.40      1.0638
701.60      1.0646
701.80      1.0656
702.00      1.0666
702.20      1.0677
702.40      1.0688
702.60        1.07
702.80      1.0711
703.00      1.0722
703.20      1.0733
703.40      1.0743
703.60      1.0753
703.80      1.0761
704.00      1.0769
704.20      1.0775
704.40      1.0779
704.60      1.0782
704.80      1.0782
705.00      1.0781
705.20      1.0778
705.40      1.0773
705.60      1.0766
705.80      1.0757
706.00      1.0745
706.20      1.0732
706.40      1.0717
706.60        1.07
706.80      1.0682
707.00      1.0662
707.20      1.0641
707.40      1.0618
707.60      1.0594
707.80      1.0569
708.00      1.0543
708.20      1.0515
708.40      1.0487
708.60      1.0459
708.80      1.0429
709.00      1.0399
709.20      1.0368
709.40      1.0337
709.60      1.0305
709.80      1.0273
710.00      1.0241
710.20      1.0209
710.40      1.0176
710.60      1.0145
710.80      1.0113
711.00      1.0082
711.20      1.0051
711.40      1.0022
711.60      0.9993
711.80     0.99651
712.00     0.99382
712.20     0.99123
712.40     0.98873
712.60     0.98633
712.80     0.98401
713.00     0.98177
713.20      0.9796
713.40     0.97747
713.60     0.97538
713.80     0.97331
714.00     0.97126
714.20     0.96922
714.40     0.96719
714.60     0.96516
714.80     0.96315
715.00     0.96116
715.20      0.9592
715.40     0.95727
715.60      0.9554
715.80      0.9536
716.00     0.95189
716.20     0.95028
716.40     0.94878
716.60     0.94743
716.80     0.94622
717.00     0.94517
717.20      0.9443
717.40     0.94362
717.60     0.94312
717.80      0.9428
718.00     0.94267
718.20      0.9427
718.40      0.9429
718.60     0.94325
718.80     0.94374
719.00     0.94433
719.20     0.94502
719.40     0.94578
719.60     0.94658
719.80     0.94741
720.00     0.94825
